55634656
26265826
99714399
62353148
57883354
64722959
62993678
79279332
91792915
45434827
18514261
17899116
95385138
67875153
67388986
44523359
78798972
46994227
83549293
32452926
58616139
62871858
87278892
92418663
22373356
41248494
18196883
99353775
87981432
54417155
93238945
96993449
22595787
82631887
19997144
74375746
87312281
14312879
85655169
28565811
31959551
65874449
81218717
53188862
95669165
35968234
24278924
22218527
15393735
92953262
47627738
72657727
22446475
66765368
12877134
39894744
65539253
53883243
22781893
77984399
75964587
55574815
15113917
69479354
54196661
81838656
16423467
17491625
12245752
53428656
99531992
61865993
81626138
34989537
25924611
49486113
27255438
53425486
95731813
55185914
42683945
98749378
84969982
27154867
83512948
51941638
79358868
56383831
88877259
94317365
28985569
98694891
45785374
41221643
23165642
29135739
11751362
36332433
63796185
77622682
44646368
66871274
24162788
44851672
91631986
37116835
93827771
15482818
84971731
22257416
48523392
73961737
82466478
36397161
71993718
78463432
54795278
77746131
99996872
49763756
11532989
46194393
17363756
62278516
53949713
12352952
45663128
32384358
32228357
25932436
98296258
18548922
11161539
79392551
14965435
97684774
67741847
74486864
33955284
64999413
98676741
18944374
67986591
87971897
64491899
46359193
56181988
46454127
44639323
74742464
94391865
49779622
95488385
64667297
39418952
62746655
26298922
37586356
26676279
12367598
81567661
11643893
46975475
57933611
66539118
84292226
78393747
51776859
27185864
38147992
71177232
39665264
84342654
45684398
39482692
34765171
49264475
63476366
17491213
55676457
15348875
11241511
24723737
18449718
24292849
64478458
53987935
65852933
13298485
59911286
28275421
81477697
69651275
26525457
94446552
38992866
72172593
85236795
83646868
45661228
29334352
54211239
28157641
89498359
25937229
64943934
82935134
75357537
99952247
52151286
35875289
41313573
45736198
98319869
45664545
36568189
53381261
96864455
69974324
85745539
55765162
64875319
99632657
12155329
66516899
97638427
37823361
46587461
98855744
58612753
33433845
26181669
34372414
95429629
73391423
73856558
85598418
84778875
17298423
69892181
53716882
93978427
82665568
44744546
61726346
61142119
24368841
11446512
35197251
95515374
79936336
24778762
94176375
59483127
82742893
24782198
57587112
94795941
82499118
47638321
94864864
33352557
66734517
25877977
13152482
78463646
28853992
27984435
74967572
11826275
96723634
29952376
46918617
48879596
86582791
59649393
76132193
87751616
25511223
85675399
81371979
54237186
31633538
96636522
52649314
42612265
31535613
24389472
44534346
59648168
82117916
33297928
14127479
12182757
63712863
16953813
11472949
14691164
33438857
42961161
87516896
95585826
94872125
22829497
14759587
72519468
74484515
48539418
65339195
24596153
28952975
69852815
13782731
87745354
12628374
13798748
88675672
15355765
82573983
23991376
12347736
95843578
62381982
27897356
45991259
43247812
73972862
54136488
85584967
97953969
23421914
11444291
44651991
48367637
86673611
44583464
89869561
46589736
28344156
27221756
41315626
16593752
45655816
32516971
77113961
58166377
81216378
42989486
16416121
89422287
91861322
21912752
48196975
82471339
11513592
39154545
14253998
83683873
61165177
77919448
75314982
22737533
32659496
89483769
36745444
31615715
87978936
84212572
13556678
73699555
24273238
65857468
68193759
82856315
52254249
49221596
37535121
91531573
76687952
66171911
46484583
32326921
37694181
48545539
86528229
34861773
33162645
58774942
37288358
51458161
24619852
62978171
78738213
35613982
32229546
41338916
57849742
27946766
65869994
72639662
25512791
48483748
39226131
18473984
24218119
63767929
64932212
82882791
81248932
91777643
71393288
35629335
32888198
84357665
76277738
28918951
11692357
67111635
94959238
99979259
18621884
36522769
96487465
33923393
15224954
47555224
53926549
84186914
32548872
51572684
97533928
11667699
53138631
67651487
23149997
95378141
13168344
79884435
43623589
79437637
83144471
43854997
23827792
63438474
45778289
24453113
38473388
49891345
78248719
25325346
18328992
66276322
81566567
76818166
86745542
85845753
57711357
62522157
53895211
46281794
26226572
62151595
57299171
49734665
95559943
14586412
93863664
33666285
53722851
97662578
75471713
15644598
54153332
96781265
77955863
32664337
53273262
72183417
21368661
59493647
65286711
68892763
76652237
24421766
97332338
89596831
58548589
82166415
13593651
59786981
61423118
28562389
34639212
87745528
34954715
53845735
18777766
33755937
39966988
37252219
75651983
25542714
47794674
18727714
94693292
74588312
77111538
19976795
15317222
44726523
39215493
36164982
21361254
63395215
22643365
84891691
59651964
26248297
15115431
81166968
81169688
19288136
31674889
66693988
98283963
68846179
13428224
55452932
75792428
99257927
96965871
18527615
18229478
19186333
82837417
26799727
33824695
38161368
33876937
39624787
84627469
24325977
25254426
16551398
75146427
82638377
66291241
78379266
54717663
82343728
43544628
35424956
19576182
91598479
71384256
68585745
78916796
82346131
83624168
88636771
67192739
86124192
36156433
36583166
56661846
24855545
15956958
59487942
37834275
33857216
47817382
21779281
66395936
21179834
61413922
79858554
85243474
27814149
85983819
56431859
46167778
24652121
38857639
14311572
17552914
36654837
61915915
43347155
59758769
32479646
41661414
42582734
49626287
42435567
31334448
36643756
42683456
66781353
38479732
48343517
46579913
57938438
96582573
47643416
75172274
66628917
33428849
68382429
61482895
36513573
78537623
43864739
74562594
84288713
55499323
57685682
91695513
83147942
27211143
67214793
73917113
19678867
55836962
65979616
99447577
21478142
59286771
94781537
36198777
88446859
57722322
68942984
69324799
43498662
32334227
78988792
63317998
11667277
37948194
98975989
98968636
78227988
68238145
63922511
47591755
36673557
37785129
31136817
35639869
22756296
66394286
26654794
93491963
23553498
79511349
61375214
55152753
77698565
21322785
51391115
32756373
71163684
42338283
91998942
82642356
45248182
21579379
16883199
93186547
76154673
79969439
72592388
59682939
32445862
73666833
76166648
39559722
65622918
14363379
65621712
75669754
98386356
77277644
17395112
34518745
64426851
34591918
62582593
62349493
73218621
94773867
91584319
23214111
12285165
43278527
44456228
33661771
66626249
33416369
79411363
63767453
71231593
62324881
59262767
71442858
64167883
99437243
83697975
18624819
38696295
13862987
92661388
85121823
65936855
83179648
51351149
32149243
44319838
83386741
56357429
53122554
65453412
64798193
79544516
52866192
51464577
84444168
18243377
43271866
77912667
79181478
36958619
92497734
52365829
52634316
67854823
74951385
41976169
92932868
55181986
38121662
53881358
45843527
79458219
98173495
55357819
19332278
81161239
73575229
63421311
21119787
68167433
67918273
29492291
27112857
45398693
18177898
71762461
86812373
71944842
74829784
55967365
84576312
17326613
79274989
36598945
37977785
51614611
32579442
76135258
85352894
83427297
25416523
29361827
32929765
77449421
83826927
64142114
21425962
61434339
38885931
34554363
19458873
88591663
44993295
52765495
31128546
36312636
99392234
29163716
78761891
43148296
12591742
54778635
27133117
12161721
65169264
51236256
96624664
54951944
22113637
62713249
59985598
77374625
59373526
48478741
63996673
37762686
52454528
23371676
94338951
52568121
23648527
72457824
12682864
18969168
49292167
27273183
33121558
34422813
59971529
93432352
34318598
61856682
57631719
74964576
67522497
27381896
33639614
89124767
51842693
19127759
91165113
98225587
55961871
77923412
31871878
66982546
91198783
27442444
32817381
65671729
79956775
41733145
22562268
69367464
33767291
36236575
59868425
15876499
46317297
51915439
41492343
53724616
21673545
34685656
76669982
94329179
21626768
89446791
35493322
42133722
85323678
69296976
41661564
64562677
97694377
29458129
85499713
15999468
29731499
11561668
19576676
86678957
79974662
68862422
15668496
73451627
48474769
44355355
71834889
19484457
26242715
24964498
37145634
67278547
13129268
34347227
69225438
82366647
82661323
64613589
47871139
96562638
68268392
73178669
32432722
35528594
11892588
78334716
84781873
12576286
16321276
79826653
12118726
84325953
58447892
85122649
52938874
29556879
42319995
41536621
89267817
53221814
73259273
92458534
24979745
83468414
49838337
56919148
21526664
69951782
54416488
85655737
66629236
82867472
78212777
11258392
85374519
46319994
52556926
94956662
96631713
33311145
96755993
16742251
78265986
28498737
49168986
54943237
14333862
79237418
31497159
23324384
62769364
35776556
36594865
16649583
43915357
72436688
32569197
63135668
83725282
11264926
14172747
75838485
63684294
98747676
95312767
94755391
63895524
38775332
74371647
91243228
27669789
33675773
19985152
14513475
13177869
99546244
13231448
86917635
64239798
44115423
52355441
93946289
39234888
38653787
68223399
38481951
94313265
72797363
26246219
72552168
48867585
46218629
23154242
39629291
88751574
89375464
65884374
93683581
13316834
73196539
91711449
59555233
45471427
69692688
54855337
27246478
78572435
46233727
19942214
71712488
24415636
24922169
96325239
97119898
91956915
49559147
45674863
54341919
99238189
73251425
87295527
94992961
68426923
21794842
53176935
22238532
34383292
36265567
64324343
23597518
91493323
93625261
46958379
39814681
79173279
23163456
14185585
44558163
14715494
67961228
49564115
44194622
98222856
52242295
14134878
27541759
35831184
37746667
14742492
95599792
25436946
51714352
42454163
38226825
43571835
69519193
93534936
75611562
78677821
55123842
17326561
79264778
32699583
98494693
32464769
47572965
19284912
62875795
62118573
29726147
93321134
21156192
21975674
35395665
76476615
48978997
76591213
44297522
15848699
56715489
93892736
14357477
63247812
47971768
73799939
25286632
92369352
84869446
69358527
72537844
94777983
26617144
97659637
55923241
51791522
86956363
71576548
11912317
25497685
27859457
47271551
53853794
23196825
59732973
78171353
33749659
76634787
55965689
26427649
82165632
28535199
56579241
77243629
52377596
32752634
37926134
82785659
87739499
36529739
22983998
16463938
47121713
33417799
68567426
76273254
94591412
62248813
53624858
24646855
28432225
43698423
48374765
29677127
63753816
84566599
12548867
72429366
43161826
14368958
17965522
45246777
17384254
55924272
97529624
93557297
62493615
19649256
69754863
81562418
34539679
32193356
11148545
58159132
55421892
79173631
62426561
34595587
89685593
31934137
24678158
48561318
97549262
94234475
54934485
23215282
63663972
17341966
13627576
76615322
37555975
69756317
64816344
88221313
85814351
92553396
46418745
35635661
12122621
54556381
82167219
44187475
57763646
16148726
82331112
31892556
22937185
66953119
11989912
78883122
98458995
66967755
83352167
82583512
32692445
91167483
62752198
33437427
48639778
55336139
91528478
61115386
82877332
55226515
35487171
25247773
65735139
34186226
43584293
68425128
59277269
55696557
77488383
82212184
77148522
95139374
11161668
85876593
27782678
17197815
61975553
12764663
41156726
22377492
28864162
94539163
24679548
44327337
18328738
17878489
64436589
92144112
62458616
48391164
27673472
35364489
39215266
86367698
43464157
57388861
77819245
87153916
94932295
71136642
49212539
93419248
44153197
11166277
16529716
92682145
25923793
79611261
51128185
14222563
73599294
14385867
86945775
88411718
93574582
81918675
96641369
87994752
19844662
53936756
12722281
87912422
37451945
94668898
94725592
96929839
36233663
79657515
68693381
87253225
64567184
72654691
43955551
24543688
71522136
38143744
91825124
24551335
25736986
67984292
96356366
62162193
64391956
64275285
79712147
22243146
47526789
17446361
21211573
78478719
25252749
28188687
47751455
16263243
45739291
71656398
96377727
11239551
73362346
38861747
14558618
72946253
27637787
56251531
77651645
51912414
84461336
64857834
36649784
75298215
34144178
35372584
24719436
84354176
57785465
76289928
27611846
35845597
97658975
49336385
94593733
92646326
75862513
22584333
76971299
33175213
48641663
52882816
47129719
92631633
28632237
31538461
87974172
91495426
25617877
61932639
12749236
94647586
14751226
22615613
85454723
15787525
68968217
16833858
38365264
63227162
96755525
29525995
79819543
73433849
28464683
33482136
92466591
73381472
39543365
39349486
59385982
29911593
45465988
62933577
57396817
78583584
73929794
69684336
93552418
25427354
32696333
29849997
23936995
31671823
77137339
99198747
93831573
51966883
38619878
75532889
26991725
58127747
37724488
81289958
34738674
26361443
21353831
82678131
57313823
24828249
14232431
67547839
35161262
44326584
69683666
31886179
35345858
96938564
42948588
46694266
66712382
65449851
95559321
67898433
81391986
21798995
42824927
49612739
73672514
35314936
28757619
44951925
27249959
25944195
84849811
29538477
97164366
73723669
94169172
99252821
31673911
37951527
72362758
56345345
37937739
29223489
59354836
46966198
88836997
81712575
21966299
59419365
15744699
76168711
79419312
22194442
82495379
87664649
47911729
69894399
23765461
12425886
56431637
31461362
33656254
19537479
71374547
38348632
68627955
68639396
32374727
34818824
56425651
41113963
97934894
15484628
23769243
94221759
42351988
53666545
88878277
38734935
15182646
69995141
92771243
18647686
86291644
53474771
72554684
52525173
59255587
62577972
29635249
18256671
57379255
17254643
51589871
66313815
54343591
98433765
58337131
63161925
12916615
22549892
79429424
71959119
97951772
91468173
99493617
67336125
58155544
57947547
48444227
82949894
69812237
99842285
99711659
72369995
65486453
33552372
34919394
41949666
19253654
69873363
54346169
13179717
62975511
26628243
55585183
38793859
92434436
78738941
48966586
15441818
94145379
92271572
16741319
62369146
42763252
44827547
98972765
86156387
26145558
71144283
97784432
72642581
89512978
17926645
31252267
11893618
55852519
98154486
37128589
36853615
16719896
61972732
22494266
63868817
26714677
46441452
36866522
57733595
14321964
37719122
68823735
57753593
83369881
63153147
82887939
67469278
49215981
37335593
68815891
52553214
12459149
74228223
77125197
24243973
98686771
88277172
77325194
28556955
88323732
52613327
73731469
22278594
32666879
91993879
14987486
39214155
11166553
52351928
19753515
42361711
58413945
84781871
74596327
33337313
14111239
59758233
35188968
26199197
29632624
66726748
34782163
64232183
84379213
85423693
76886221
51349167
27228924
56552578
83534636
45914355
96466691
95317965
91534766
13643263
71836515
91347676
52667225
48657274
23555373
49614378
33293444
99861391
32383116
74417169
28629958
62442145
17337182
42381659
41137383
22741881
58398829
72877149
24985826
76954557
35481368
44392763
15231196
48174444
86378853
97912523
71561224
82895132
63848147
51673571
59632549
62899885
24792156
21343727
75989154
21128849
91919468
27944288
45645856
85571749
73944323
72491274
62519956
27124419
57368595
41441956
18577737
23847739
43525258
36935565
18373325
61817898
12164326
82644264
18812155
11358937
11143272
13343851
74162489
41419457
55974665
78677272
37541333
34397769
25739174
94143755
49639652
97842441
78368895
29626167
79965254
63575872
48736455
32669935
81839446
48365878
62895445
37126262
95486547
15453126
39351613
11369878
18761841
37435365
98182112
81589949
78457747
25867496
19497393
34894378
11257516
98969897
52792634
71211879
88433269
95572226
38442667
47553248
75177464
88191341
87581834
37657734
31274519
49729825
56132344
11675685
47253354
92587612
12224542
39684537
95395532
45919799
81815996
76418455
65519721
18196762
74914941
37818355
87553563
14262766
85424796
27411756
47149461
85672918
55769712
22998251
84487883
32939114
35922712
99171657
77345875
74762592
17294213
92875122
54372737
97313131
54983899
95723818
13591569
39739734
89927684
85522572
69165737
47715921
81945873
13225811
62416457
22748844
62719329
33279985
19344515
65823959
11793875
26985714
73585638
88925286
25324763
36881895
84337316
17568391
59987489
96572417
63934764
41731616
69211199
43544519
58185417
57752785
41551222
44586452
25747712
35422364
38619594
93956445
72648538
96926536
18613629
81524868
72946224
69522583
12315413
43251526
51983126
96728348
54997918
22195259
34733989
33824996
36373334
34273443
61389153
22231882
51672992
18612947
96375874
78674468
21437127
87794874
59895532
18749111
14254392
85123537
31453453
29789778
88398316
78672854
96891339
27892559
17887632
48936263
73175375
93287677
13368579
14353671
85527244
45281638
86468969
36462841
48918339
74858136
45334624
95711184
77359524
69848912
41474381
56164791
29394538
29998792
51682286
77292993
81213584
47295889
82673248
65772411
42144685
17455931
16845222
46849842
82597157
76196186
46985896
28724119
93964428
99657491
76895634
21558358
64275154
91762648
23546867
61942427
52492629
56549918
95131696
48151993
11115999
54321397
69765637
33219231
93142934
14594349
92455697
61759837
81189228
35567846
77831574
63838996
98479452
67533861
33115541
51239898
61334549
29955436
41685878
86174738
84198571
26347378
32759235
74288264
57429128
42924796
64155299
38817451
88256119
21855881
28357249
79122329
13343332
12657256
15156351
25335415
53855876
71843211
68511713
91543567
52981427
59951935
75583382
41666218
49622766
75852199
32555176
11969731
48256681
16314177
29249679
46421625
42977875
21561919
89476177
51854197
97365986
72971979
98636198
86226873
59876424
51848335
16757433
92531953
81123257
94856895
54996923
96493828
79198346
63111833
99236465
79485469
36899153
13181328
21182419
15766138
79549949
35517687
77388359
59311575
42612972
43298863
36918274
99273824
17594218
49517119
69829538
55553481
83923774
72449523
29584766
98839715
78775229
25217329
96711278
75879895
64296367
87537626
97586963
24729764
17348886
44617855
39368669
94868296
92858619
74959272
19565242
32714541
42526313
68569258
81412724
77289383
31583386
84983562
37943959
44734356
37231168
26428711
51279443
78511951
76154615
23779772
58842966
71558933
33577396
54459164
73869415
35982182
33895668
97187632
61662612
87997718
77533889
58814828
67271978
66522678
12818693
45361346
73282845
49653123
19186717
32334471
68676139
96327427
12368348
46958664
49297264
78329461
38499753
24897211
89761496
91774255
98264693
85954942
91592352
31642168
87522249
43451749
69679969
72189748
26735928
96191566
43219796
79264526
99846815
21323864
87472138
84527456
32789528
44762318
72593878
99764394
25187261
33524391
25921597
27437178
35614986
21553565
73655427
13774236
66495336
36941585
52713853
22734767
31573725
11813435
49566777
72789359
19735665
62464415
44191545
51341812
57271536
74287338
61546898
69957941
55751725
81361544
37665549
43493777
92279127
92174327
97329511
72796246
44332371
28661719
21185963
12973416
51661453
21895664
64223544
61894636
69373592
55171416
79514628
77783758
65569272
65848886
73489564
21248492
85854561
14262926
35597818
99954969
24557135
33142382
51838885
86795484
53622964
25517139
18977895
47468993
15322631
15256254
92847868
37417117
41637847
13362511
66344824
64232375
13678958
95519383
81419423
54564294
25292458
87857454
39421525
66195746
95316782
34696838
74777893
21365695
89324936
18666842
18676697
49163711
64213243
97744134
76139983
98724719
89782998
66994931
63251967
53687466
41439186
66315688
69246512
55728359
27217844
47263936
74138123
59449711
41218529
91321585
88746969
68155146
15687657
68641289
76343738
53171432
66722368
82282158
46961225
22934229
58171436
64352533
13812732
79218374
16199333
45741868
13799784
59432961
54744976
32919569
73778583
51349924
18538988
27819487
55239932
95462571
43392871
33226988
47815114
44836539
53658151
36375856
44582393
67691695
73954566
86122455
59169173
53356213
29852291
59261495
49937643
66727556
51249124
73787618
49885281
76128381
17595639
79524675
53313287
56938548
98742738
78782436
75494168
63955312
86573667
21533569
11621916
19839757
37431719
63288856
68767595
46811173
59364159
45593936
79233876
23521226
85215696
15312569
35252683
73373431
84828876
11793185
47952678
89512697
97853421
46166699
28234781
41856734
31854945
32997866
46663446
32289299
98245568
63521873
44665937
12473162
86321795
94682184
24953991
13814219
71167785
82382822
21628528
67777742
55532371
47845754
71553428
96341735
28518981
64481696
44866733
35419668
21981584
79355288
45272273
71364654
72274911
61411262
67869364
18745979
86433218
34814229
97367877
52192667
99731611
97818785
41819574
56169618
38114991
47925756
73546971
55428418
91917891
38175529
56485888
49922711
87935827
42384476
71599151
15922797
46864927
14325879
69831431
63959632
31747895
99647134
19613786
75141351
13351291
15266594
23427974
47821338
55444342
63795436
54723466
22594557
78119233
47292436
71574133
25241517
38897821
33744178
83591531
12416257
73448622
67387863
89282462
49998545
58622837
53398726
63375878
64528752
51346388
32528672
77894359
79136548
46298162
91375782
34865352
23466829
22612298
39574166
24966255
57883154
21211881
71728159
25456698
36654873
98377872
64142413
82726488
92211837
43481184
28532437
39781578
46842283
42939761
59153393
96218683
24415339
22928322
21423351
76132651
77137198
38788771
78972276
75868246
82833515
16183869
66457283
67638184
24648468
97693186
63912715
47797516
84868425
86586159
14928171
74927855
23975133
65225614
78558933
23288639
72521746
93646451
21679878
86641927
86881939
16169672
41616493
75672741
39639699
21326919
94745663
22939419
37191963
99236994
37783312
27311382
78887385
29558388
93693495
22594189
87749568
28191777
92533474
59261956
49712363
97994573
62383915
72858413
16136735
43557973
18815852
73644563
84541794
72841448
93848144
39752179
49254162
93394773
73633943
71568241
85313622
82898323
56673777
83242541
74891788
84676771
11528284
49742948
39536194
45899678
62922553
33649712
65326967
22517262
23338831
89254248
76913354
39592881
29197373
98728195
58379722
74869541
44784214
85563285
71365259
32326619
97729557
77398155
85934214
33589556
19774941
44892137
59961792
12795333
28947149
29839872
74782492
46886118
87947338
38897524
86991684
16967723
41412662
32176282
88262992
46813716
85478788
88548434
92919633
28125171
58725593
25476615
69553572
37367761
54276875
38264219
84288899
52318811
99745486
28249316
43428484
31227224
87538288
98281924
96387929
73822867
31719488
27597614
93269147
19897269
32893684
43188126
34912373
15257657
71696417
41511561
65176596
12155392
33875648
67842425
71235963
86537427
79423676
36927844
85624229
67238373
92225977
54621968
29742935
45595233
14253995
15512872
74561512
75235235
54163712
15221618
15281387
57778933
41647755
95511568
87587131
78755958
72136373
79365643
26886883
66523878
97831355
36172393
65933739
16844593
37519732
32852557
94939199
67392292
62968372
24436696
17677561
27916613
79859341
45312369
79644223
61136151
11391715
91511877
73883916
71832119
14628667
58656333
41141897
88876647
91674958
71411634
41728574
13968318
36373557
56749974
73357975
96188249
56662834
51727335
56793443
92163256
78286418
27899142
68173292
47548993
71923974
65146239
12633324
97856582
47366979
38189479
52254294
85629433
83821693
29811315
49181796
25817845
99573474
15527342
22718669
12878917
85498836
35775965
13598867
12281237
44422664
93822561
71747185
39312353
68573889
16111786
55725565
26418842
76894682
18913748
28751493
73349456
92337157
64699771
64365381
39423853
97355592
73861564
69999699
53958456
98843757
83365799
48812594
56938467
94119477
41397268
72876711
29192768
84877422
22861446
32386367
16621979
44617698
75286548
46496956
68568332
67913767
27362643
98247691
55517791
26143623
32626945
53817689
11956657
25238138
28775818
16872449
51416678
16864144
61818887
34228691
43119767
24252587
47593243
56519411
48116485
79962633
36137469
78142853
73417252
82877887
48189685
46834151
48887393
57124697
47633274
74612195
77148153
53288862
59278715
84393239
73153578
56635929
64548384
79391565
66969444
18535629
76337964
89162697
28481518
15141936
45812529
42437386
89562543
72652815
19334495
51521379
99522728
87493221
14127149
89199689
31155214
62164364
47495783
47241733
61512425
53183416
84318943
43648644
67251493
67288927
13782813
94679713
29723438
82451421
66653572
61847669
52883149
26499373
84786492
25588954
82919199
61833659
79713592
75862179
26724581
56189676
52466474
63774445
71413288
69653195
23166679
84627754
66488162
99699349
63596292
33498614
24272668
53735298
42693313
32215245
34959632
61489371
41741763
75494547
82977993
71162563
33738163
47272428
58528225
39923343
48627921
41534718
34715645
63665888
62731632
76513373
62498722
96724389
55332356
87689126
33389496
74716511
81471639
36597637
85557414
76518326
13316576
23566833
37778623
26396246
26679418
46492424
19963184
48191439
86557531
84197925
61881422
21894199
62426425
79229345
32413325
39457142
26369287
29613835
76417357
36275486
98981732
77995222
63916276
87338967
56351447
13433428
62893358
96873327
65366624
75696553
63975533
89912977
27372218
74518933
21745943
84373742
55866821
96275274
24742947
34532644
89735834
42862693
94513883
31326453
39577588
77483182
43159672
48172393
24769644
15235926
19195688
28638339
71544672
18435363
37251729
57917374
12525233
74516938
45242335
72342169
91151377
61717861
17499444
37835424
23823479
22789389
19771121
59371329
39251629
58732392
26695717
61541643
33646731
68351341
89937711
65561673
83449723
35537833
61615411
83568964
21585797
24761184
82435221
56413154
89914673
82889597
43194976
32752267
85732259
32534297
47654296
36145611
95186458
37868839
37278111
49285972
47798251
64649939
45425599
41567968
73553968
19198372
51113974
79129494
44642212
91973678
45653187
76949674
14593582
57761223
65785569
23488196
25559465
83872998
44468757
96487348
77158776
75194757
18376523
25168323
93779414
69196547
24459578
86468385
54925962
84837398
41313781
39413137
42989375
46716469
46154636
67567738
79469214
58282874
45672825
34178155
87156261
98886327
85574424
79259417
18169646
49593458
99511445
33925775
67933197
12413882
51934476
45782225
88898548
45662486
45778413
88887934
78361624
18199642
11674771
35895832
55558797
37621938
99524926
57575869
12576246
67545622
35364226
86142711
65794857
39175397
79382239
63177271
42769231
94726671
67659625
93942735
69149248
51985468
22318235
42656683
66437719
57572151
15167388
44288714
34688451
81871171
47487269
45722533
86149345
32341924
56225588
15999225
79643195
92698613
92345835
42214448
39337267
12485594
49887118
93916196
72751391
43695519
48726676
86624352
42624398
56518371
22957615
15447959
18151814
43225894
98975795
24871261
74382193
31368297
18254275
35234512
94784625
62143783
41579222
52284291
36952895
97892535
55245239
14743556
12819556
22536568
85234424
56671819
98963292
34367845
33756668
22639626
38959871
19675895
16959631
56333283
98774274
81838769
13498412
11413932
57699315
29696265
47412222
33239445
88271912
86937578
18821731
92393421
21619626
28862342
81387365
48261142
19275214
96718925
72144765
35835353
24855863
52311357
26863313
77619138
21177572
67249582
14516332
96264456
33197783
47622439
65727835
42184326
42318122
57379345
72437551
65696739
85743866
46319654
56691115
44479565
91919563
16379523
17296947
45419757
74766185
41213334
85144415
82388855
99967781
69181298
69971717
81568786
47913786
46247221
88675441
48413366
75499233
55716612
34855269
79799335
56225541
98833645
11752329
18678721
34266465
92727847
82112979
61747858
94457797
84653811
78887383
43581968
39386132
28724711
58799513
55854514
42989291
84391113
67159154
54668779
85776552
85275972
67635969
39314872
33687983
47976569
29258541
25863675
82138652
35669258
26398581
76699127
92976378
73543792
21195672
11899958
84426111
13237948
93646136
28615181
29369141
36175362
59319551
11858559
45345725
19332644
56548938
71155329
85139269
18934368
68945299
37259445
64633292
78418764
45565265
87958282
34463179
88963374
52193448
82453265
38858545
11843657
55566643
75774116
68152272
95321874
12957373
62999966
84876585
99515943
81731256
33632267
34488127
74523648
69171612
66275738
14464338
66762946
83166152
76891878
39442536
19998254
45174588
94773365
29612842
62243484
76118687
95395824
58574669
77272786
36682469
66824858
67392976
68455915
44337622
28356529
14623377
88938872
21296488
91133293
45466214
91758249
96667424
29632355
57816955
79858228
56229159
98281416
19466693
35526692
28198467
27418447
15362984
43387976
77558118
52645786
21238859
87737294
74753537
66883645
54519977
55124931
17439483
14238371
43839584
78325623
13617217
39983786
74969786
31554575
71349113
18135769
15379129
26451278
97298128
89114493
99961169
77276936
43523498
37852578
46227512
31687941
26329971
55547298
58894614
67234443
94271853
19678333
21337163
57688716
82187527
45296595
59721335
76461228
22684545
85449363
13215432
74776655
59182419
74165665
88319537
97432754
65357154
53777493
99484451
17394747
14254466
53324921
83916215
62476744
14835489
59888195
16577322
43888128
41862746
62329961
58592413
67147118
88493768
78147629
56649564
25585563
27943517
11154326
68743474
62985384
97591561
37457513
16639143
11133841
58952644
37679591
14194322
32469762
45758161
53747547
65497597
41316629
96474968
91363438
66638589
51985972
38876235
15237223
85449242
93149551
42791941
33475391
73442732
81356857
72679789
89432336
44952967
19245712
64638496
13826857
32222689
39374168
42124882
14243613
81476968
68318689
56164683
19615531
36785148
84849412
82895625
36571561
13834929
17279287
14669882
24796197
15722622
21619478
81456957
19679529
78283192
85277653
66516776
62354432
12919727
93266769
19966713
61595513
61355424
42878466
36371196
12337451
27668599
67629389
68648376
59993492
95778574
91483266
79933685
67469388
63547957
18317674
66663316
94284949
39176624
25571914
55955914
13139499
11754883
11999835
13759868
84876754
52867596
56554572
54659117
48395721
69412367
98914438
56356198
89524699
63874423
38162127
75913882
64199973
95836736
64274448
63969755
85282882
16474739
83424887
87352871
19635426
85199367
39745514
92617487
12736882
26117669
51485292
35976636
79936527
22585158
16636528
92447694
36589631
68616885
32786744
87753466
18295578
31666518
46613141
58362622
51875335
18271235
57577659
45552454
51872132
84693948
66312875
13726238
11621637
77696759
36744462
63213463
39215472
11947219
77182415
52373775
68499188
25967162
74868693
59776413
94962723
32979386
46129744
68239938
32328458
32522465
74571816
59848818
93164345
29431957
39216171
93462221
49462881
52159692
39369766
98919292
83588383
29713515
43917566
16585473
49139751
61263286
27481928
36659184
96483896
68289121
55653745
47118625
93412165
86254338
68483534
21574434
74462787
39243438
94426465
58369394
41956696
51152131
24278593
12612443
22577429
42539531
93575476
43436568
68313484
33727994
92156717
84728393
23124857
89847676
78113878
93163762
76323688
54229965
54553149
32558176
57753336
45742184
51851941
17677139
77487741
98219722
87667775
41298283
63117226
11496582
24761293
98271914
98541491
21773583
66865785
67245974
89881563
63985881
27442185
78825443
12824447
41466265
88988535
39583881
77218383
42691159
84568789
43541357
96669261
12912277
52129981
93585933
38899499
37138792
71147846
18457751
51932795
47793419
48316676
58995278
35842783
53277148
86739282
95237617
18195727
72249515
87788497
68735775
38363439
33297236
69241187
76721544
36938928
23872117
72889556
89584924
58616697
85283259
12516944
79918931
78234881
37659829
97734241
14963267
75193693
35593771
44373763
15816373
75281812
16821524
72896414
86428234
62958948
32737642
83124863
59218423
41721891
97261578
76894426
11773896
94772451
86592956
53576435
59256113
47931439
85695139
48679722
43691622
18491588
92542725
35132246
38334353
16281761
81298338
83194334
86798926
53549127
93556732
92812259
59818161
11419558
69324311
46957229
11968668
68633918
63714587
27166266
95958423
27524681
65898659
25574822
28692723
37561146
52416895
33248159
92986826
34134476
41596246
43912391
46873745
82695348
18549692
96218889
34759897
93543813
63639346
93472974
34899558
89917721
15178517
74283893
95381746
64418386
88341388
49468295
69466799
82774539
14324878
88249886
72937725
86921122
22151516
33911748
73847865
44532623
52536686
67663729
18156419
55268383
24457223
75693661
44597363
76836546
67118935
36252733
15288683
94656912
69228258
86174314
69943542
79536559
26286662
27837673
64667884
73625117
52385897
37912435
67135849
89148281
11866739
29932957
46762861
74233914
98933923
68576829
46654939
14943179
64391226
84242113
56663854
33731236
53332289
67358483
72889222
26525577
58969563
36887483
56145946
56598163
83677919
66519332
93322464
91151458
62648414
96568775
89792348
34446892
73566473
99875313
17227399
51119824
15758355
22964982
48311183
16174393
56518951
12432345
85463293
79899722
36293472
41251378
51372217
88663775
17218822
71454228
94695461
92626244
84462466
49258348
67781187
93634969
37538881
67549693
34114771
93311691
22391976
63746769
15939538
54659541
64843577
55829289
65959313
66738823
37459295
47439993
47847661
11389489
13212233
64533266
82757155
96467956
96415432
75475733
88646885
29899338
76729716
33159178
81257978
94566721
18196136
33114589
47286963
39864155
65493534
73486987
69596818
78396741
95999335
34363136
15464438
95749846
43513654
98918146
57361351
79448579
72987325
18366632
43745929
93157743
61821941
56592513
55573662
74441564
54561844
46348163
31955342
67542985
11899211
63441873
84637741
57546164
14394389
32139546
97844146
78818447
85695468
46812961
45283529
29772147
38689243
72469743
95828119
77686858
61459765
97164584
77555442
88824387
22219536
24266973
42863989
54186855
15497659
94351963
82891484
78247565
79246415
73879298
38732367
16858493
41674798
77678358
89282559
83546267
13427414
84156335
22317713
73714384
39473429
79413632
85139136
17548361
99811795
61564869
16984324
96576166
72456392
13648246
73483621
96765199
93353973
21672926
15438338
88216186
11139559
51668796
13865922
53911761
75379765
69845893
85822116
17725129
53659973
75491197
67655424
16536439
66446841
18798662
19741671
29451647
25853234
79363674
32737218
14217557
81211327
92337867
71952119
22975343
33115185
28774142
12699488
45587888
26846668
31361478
51525318
85434213
57423173
17991674
73523578
11222924
65575994
68375719
93818586
59549675
81229954
77894682
86968793
54427966
96763979
45951549
93571383
62421777
12238832
42644133
36116832
76364734
64743756
69799839
23878165
59164271
32458784
64232421
49728341
93642344
35919535
84575778
44795894
85796846
41615662
71895677
72628666
81629771
72197413
39255722
68242789
72248623
73234356
24241335
84671476
36712937
23955294
51741989
24496138
41749788
97148971
72489951
28977338
19997756
45893389
52549921
61511788
78523955
33436221
25214387
13799674
23542162
11449448
83695476
62565976
23821431
25598654
92323759
97347988
94795885
31284621
54382758
37294754
13141881
69813918
11496878
39764973
98674478
15832683
72239712
45674394
85816686
84789586
79844647
19539246
72637274
54228983
64711171
79162498
63814346
63832456
72679166
16191954
33246419
66269726
65465923
39239642
76519395
89876949
27574576
49713129
45937766
64192483
82794365
21628523
98553818
11593491
37167488
44729628
35353121
96997797
27388962
31227389
78487366
96541222
92971374
36396882
71943379
62461377
46338949
36885599
36339913
82984645
16783155
54176866
26883828
91414764
31139554
66894253
52279337
16542182
28581997
37646971
18578748
19227946
56463316
76933633
25199271
19968122
64796532
82428549
94794474
36795718
15549757
99852121
28753273
64211988
24311767
42232224
98698334
52432923
34228781
68389498
13886891
93182223
51425291
79662359
61598475
67459372
38378975
92214499
44897521
35595115
82261797
61794495
75428328
85713568
65359225
27531276
68721796
94799173
59758797
42923477
93617644
78348772
52436117
37932491
46889324
12879364
29689439
22314915
39499327
59249751
48643914
81291251
86178233
84452855
79678584
59458667
24273481
82578793
64928541
45621969
18432217
43299924
38383684
82568256
97888649
85884794
52976682
54843379
96562858
24658374
26852775
85815373
82888369
49232841
39626362
52295621
89661252
84273383
32482116
99544552
28591726
11214734
87295934
77619192
82168916
12728754
44362518
96694389
48498256
39787228
52544323
85997768
49721171
92863735
87929835
22267751
52252649
79377593
26585734
64939414
49635929
75647469
98543659
75966199
94133927
46829588
11146534
99949739
11911182
46138899
99132169
94391368
45843457
86962638
31251521
84964347
51874249
72467658
74358257
32364726
59488585
62225479
79558721
93417572
31913549
43876543
28574573
71344954
72415578
73335734
38161787
59886122
24948636
63619721
32636371
95755644
93866892
15982184
94454163
51676924
39765685
85184893
14844277
23459382
25848497
67396216
36777426
45146737
98989636
35384327
69231383
57414663
55148171
31751827
51741443
17243745
93773454
22818751
79473571
28253672
84686925
19366571
58554365
17741336
67596436
25351763
51783122
86568733
47278249
54558153
82993118
63459472
86878963
18586793
88286949
26289698
16383684
51987813
42991399
88885545
16122656
42511314
59233838
68613952
33358512
63946868
57855841
67977487
58233136
19867423
18736831
62714378
19819849
62435333
18556659
79989747
61538892
83334544
18852149
94568932
97456174
49472781
47555825
97174283
89521932
87682483
81648566
24135732
68347634
16298716
76731161
57374687
29963293
88963999
35125627
32545124
98129725
62888662
16332213
13643771
55933258
12485995
59551372
53368961
35154414
54394926
94197782
81768141
45576521
62791647
94569367
21172273
49992897
74569839
97388837
71483186
77464331
55441511
92677944
77295749
57567642
18493292
35712849
44681963
41624113
64266156
32458822
97797311
26956179
48576129
95273389
96746757
14352744
69197986
57459257
59126384
51866192
98145799
23393767
64895737
59119896
68913884
91325888
17732796
49537481
25944761
58295975
42756491
34117917
29854458
14552975
84857737
13759692
36459739
16225874
95662849
18212225
75942923
53282891
15593663
28349264
73569663
78164963
48262664
47518843
88773399
87536857
54169573
29175413
15117996
52617869
24698129
81732562
74941675
71438928
15794662
61283579
87293828
75152233
79984599
68784582
99825192
59559574
36268854
61393892
77395128
74368778
18484731
73791615
21461548
64231918
55792776
74378329
13328792
88477551
79764421
54534424
75539247
16251737
49363268
59883197
33924262
78573724
72973435
12139982
27346633
27743867
75296546
42732523
92467789
26142689
21653824
98413522
63539499
71166935
79175914
74378264
42423417
21357614
38157182
28677212
13134173
81764574
18856666
39392289
28156773
72687327
89334684
68359241
74329946
29362438
23159685
48747145
35424753
67659731
91366811
45426548
77724227
76963342
34899673
28251518
97716673
27647947
12495134
84877856
52597927
48115466
39361396
78124557
49699761
36268598
42425269
76812375
11476776
26271855
87618295
87377897
82448219
79668916
64624349
76642591
63252927
98357181
44274361
89285188
29137376
19857652
74616182
79998787
58728558
23198585
62329147
73638471
15987258
25598124
32429784
73734414
69138399
72633555
68453199
34165182
88268145
39635158
68488158
23344139
65343663
49589963
67125416
63171366
57783386
34291636
31884621
89781225
88188931
12887131
88614589
53534679
26693811
96874152
68273965
38542143
69385182
44873188
68477927
65975388
98628239
39659426
95352227
61381167
89848232
18479539
73293346
26596172
83564772
39914299
38851219
65794422
66582392
98238828
67357143
48272166
51261859
77135919
71421524
43132466
57936431
11149134
16588632
71585847
41974955
95693811
26892126
24449583
57975424
65183284
57345214
52735557
13456363
75196718
44283236
27861331
57399895
17464527
64483444
12983367
78445385
11943196
21254682
56156633
36477397
16137788
79113936
51114116
54124184
66614271
27924976
98636491
89297744
29252831
42271747
37882777
46694915
72768962
95892254
73187731
36744761
93673969
24644151
33699881
25451139
16413995
16846127
27613285
51758128
43779629
97265316
84516338
11388252
42815795
48899837
27758138
85564777
84711553
11998268
92379637
87134579
83175375
26597854
76869217
88714379
57498129
64623957
54245281
16826618
15565659
19118373
68688476
75738589
93539899
79939454
18289647
28793661
82377244
81455885
48134293
95198696
59221536
46282715
51892528
72756521
41133186
77465227
27619685
74918829
89229854
39171931
68834579
85943839
75871313
98887161
84418894
36745819
18618536
31418987
32598231
78296296
73467428
53619479
49821296
92531268
59293175
31695186
87786423
37548191
78178738
66786544
98152255
67637332
13988944
51983313
11599846
57619829
98557682
65877875
89457683
34311279
13478973
45783438
34389211
31132529
73742243
61162122
54923994
79693687
83184217
29119232
42449376
12337993
98129969
87958979
28481148
25162891
49216894
37984485
22399589
96582485
28674396
76429948
87789576
99412963
79712647
96865242
62934483
32229546
49533693
27857361
23434266
25819943
88593324
79649931
26455794
25282418
23743861
59259438
76231842
36729598
64189485
38792989
69947347
61836692
99991623
48337891
76529883
64627335
21424325
12759544
16574189
32994943
95417355
51823263
78889659
72812138
54914238
91129434
21986571
44854846
91639729
79151382
16841544
69797866
69956842
53653244
72555971
62149495
36774286
22141556
41887393
49611431
71792351
24436769
54825528
26727924
99389682
91435729
17852923
58227445
16399916
92848817
58957853
67228566
96585432
31396349
13462665
17481729
47568788
61722189
22516156
67364437
85241936
77568467
38769233
83616873
36613641
49421981
83754771
91138558
29945128
94773388
53179556
53615974
84614574
84895457
66238664
63222837
28564272
43887431
75258765
78464636
38969451
62815922
43697125
85129259
72545759
81919191
16164982
38127414
53887374
36215213
58688471
35978722
77749459
77798811
46891591
96763659
32293477
14569544
82364144
69775246
15519277
42234541
57685198
96525973
21319163
95627922
45165752
49466898
62669267
49827711
28576969
67336219
26586257
11677769
51417973
71519398
95734292
36791365
19479894
63445322
58468288
55555273
18975611
84445657
27296771
93342762
43786785
91624865
37384783
78486787
75549168
89927651
17634552
17744512
75374852
73226626
36841238
81393181
61778983
29573423
97776744
56286989
83442374
99811738
57515839
24761358
39359766
64662724
47483463
53864326
92868412
84671715
22356871
95415643
73646652
11888837
14249646
86629844
17744162
14961141
43439575
11698728
58168677
74174255
56822349
31725879
67331778
27539182
64156438
29977541
27132711
53421915
31984246
82136447
82719512
82381113
11829156
25877925
29582499
59669667
43823474
65833784
61262857
58125486
66787294
55673416
39245589
36851696
26376911
36758518
41265837
41146985
38287289
65249121
11658693
67496957
76536492
62362449
21216811
62992266
62823818
73264655
46572377
55546192
98394188
39443696
92415867
31191718
32762543
35631399
51178642
62848699
57579779
21314998
97351646
52816791
23527286
11647696
12925357
33788569
72821771
54237167
95846488
46498975
85699175
49717167
64825779
38687316
64354998
84663238
68785275
92344379
69517265
42864829
76797354
25558332
95964597
77116271
52992433
98658847
34266123
72112514
51462478
93178531
64422536
51744778
51275652
66948944
16321373
42677232
22848264
73832969
56149541
51522731
89341885
84571164
44736131
87272388
21296722
16894237
57817124
81173652
67194983
56967249
82139965
95331745
43262165
65126212
11419857
15913154
17917331
71213321
14889259
62989318
79823127
82812792
17798965
86166143
89489355
41658356
99467985
38187483
39193354
48721957
68336188
78521343
14116327
18685232
94432228
86786184
48481458
22451767
19129287
55386137
74357847
77272722
42233975
49471457
55213377
86271494
38547288
29691846
33646182
41842554
39779468
19727157
38168959
74366777
53426796
46514984
76133329
42317159
36164997
35664279
57981254
38276668
16445185
52871646
13412635
42996656
26757399
58652712
12128342
24959418
85158143
68575685
56536838
29381258
65345548
39373917
55823873
77878363
86411873
59856699
17115539
29712119
44852554
21886876
35569751
49869834
11693845
99137791
94688863
83651861
72891227
12968665
79347763
99877462
64243383
57812268
86241567
44598812
99521325
78389676
16912585
71456545
28428543
17981641
93915549
35487719
32184595
98392681
65987389
79555345
42476393
12125698
18771366
28141294
31873891
77933813
55757187
88187798
76592278
94821735
99751626
29397974
59248617
16713731
69543685
31279693
51434484
13219213
25528349
15678573
32473981
91282981
33183473
92854587
49476275
96194896
99222931
81323187
79212658
33742791
41957935
96714379
36922394
57542423
39678616
25647117
69879693
14496426
37312163
59419475
24189917
13666728
33643146
96477128
22718579
71318568
53951189
62643622
56129714
83545197
18118885
14617523
22487223
24453321
12268988
14689788
79441549
77497475
58115986
12299754
68542836
37391943
82411949
25689223
76662724
24194299
31921419
66565683
93889128
29751623
72253248
68212818
19677538
49225329
44463536
14792779
41415696
51583775
89114375
52466941
95132764
52988714
68279624
74743849
42259864
96951984
89156181
43442535
73741377
65964799
48278989
19325349
58351795
28843817
43229989
91821286
98883813
48474427
43621489
27836684
24949964
59892765
93496368
72835446
71179485
44251777
72742198
37871145
12285716
12188664
53741423
87885916
13237296
17463995
96817715
38175215
22681521
26735673
14371131
71822651
81965174
44697297
52339526
39653158
82531244
31199952
87269322
95435713
65364786
56424839
52525734
27452557
78423955
38664666
71795145
55969437
94691144
77911378
44582636
29912151
28139244
71474835
38124285
15425617
58727154
18225267
97628246
77692666
41711239
74123563
23274538
18822253
32211497
58773372
38872832
51143573
48149884
65168678
43558643
64766269
97185998
47493885
11766291
34475162
55794675
38346884
65914615
92222534
99313764
58784529
72927765
95689737
43771383
85927194
98356673
13187159
42423221
61112728
55388919
19559941
17238222
29916298
49527585
21999291
89151942
84323916
85557297
27628394
27897393
49568594
72923683
14285836
58428352
27572216
47742662
77823168
67759948
67558319
16429916
58676933
61539614
13693763
19299332
88855958
97163872
84828428
44714722
47486673
35944659
73156337
47775868
68494837
49855141
35565848
31357813
45283236
11148341
78494577
69935139
52554792
57539816
52587933
63391383
21735659
29916751
87857951
95995527
56991462
23277476
23869268
64528682
15819321
51733264
24723199
25818498
87659533
47568878
22932624
87278134
59932955
77835514
69666594
28876921
68377714
48764517
56389291
76635741
54592543
48773745
17396184
64418781
23918112
87692923
43983798
83668447
64744551
31728849
12536485
54835192
44356836
67826994
14578191
55375986
12267231
91139968
38389282
68825575
46916285
96565848
76445352
83145588
97656375
82249394
93743232
31554143
89522271
16278825
16726918
83323428
26115583
19987826
58515563
76271349
64986816
78236368
11663967
68441735
82349475
99532121
87417971
78264412
31412151
77477375
78327923
53884687
69767965
67219657
47884818
86532376
22281514
39423666
13328396
92684343
45921951
96922669
66148895
94426748
11781387
67661956
54942768
19747995
97397843
58847293
57464922
79328367
76544646
43994998
41279164
78558115
63676141
33749693
68738376
92871614
66236516
57953658
41111549
79556582
19252217
88914266
25639794
62896795
41761738
39971313
74371914
27452175
84882874
74886882
28897646
15223851
11929436
59285795
55412562
95222412
47131373
96152196
51446143
33546359
93174593
87597461
59287518
73215582
76811528
36878271
89842827
21543361
82885757
41499995
67853792
85417986
85232473
29916862
32467455
88335984
28419222
81949332
56527845
64891412
94393488
47211213
83231585
64475465
56269742
24925921
33435972
38659273
88653945
14463645
87646136
98267885
54872292
54569915
44615662
45794448
59362364
48915859
99945357
81624778
77367671
47173462
33455621
65973449
24389991
47761361
39485569
16619778
19798483
85696978
61424882
44212899
76937735
99236993
73411922
11328923
38493629
34391227
23612722
82248151
68984977
37418551
71166954
96574989
75522162
79262748
72238647
19326824
14334642
56761827
91874232
85431341
66312794
16712651
61791728
25895211
51845775
12327693
65162232
41183167
23269698
89955762
26737748
85483732
92696354
22678269
51328474
61278285
24476686
84364868
66847374
26178829
14449277
39445712
16378819
48697865
29681462
17542532
15873765
51496125
96389697
32147335
69284638
45695522
12778458
63116332
95738899
35859761
84745931
33863253
42529419
66441126
26146358
31232655
78459226
56754893
49699859
96212747
37927152
62579492
16892481
79974346
93641167
18279289
57668455
14936383
32723161
67758421
17568988
38868582
63381886
54127295
64143613
48833529
52569222
51199126
49955759
44266331
48617899
68858719
68213796
88348329
88754729
37484359
87112779
67129228
76111373
99142619
11726489
18189947
62544372
25318398
24978566
34214577
79182593
19383954
42897439
75987454
44138746
74592713
88259434
69342773
85573639
15629448
23184121
14499827
44241511
76977136
33462569
77866917
13817812
27887849
27419796
57284334
51398389
15753852
58245117
59569782
51131798
24442666
47866848
56354868
65942613
14627968
54489562
26652317
77264982
32372656
78444765
22732586
37246956
25312766
37142463
33456218
81949498
89876226
69183685
79731686
67738426
37267333
21824748
62157681
16387231
94464463
25469743
83736417
94563549
86599922
45533658
81934991
12447633
26315498
94898176
14824524
76522843
26161827
97677128
37963977
51848249
82369439
16654516
38957799
77336494
52753721
15551613
28585479
87941663
53778658
27391222
94925483
15681925
36983464
17126235
31474973
43123263
83886494
89348661
49578299
41149445
62394942
86669263
91859752
53535771
68875274
51939458
23228431
65319894
47186521
59353612
62125139
45713446
13547433
33538533
73492685
24527768
91244265
58734938
17721449
78245792
59661915
86693871
32243339
22248841
79768514
86323725
72692973
18574872
54717555
95423447
31649357
89435927
18771219
54157327
37298644
38457525
18398381
47599669
15868911
52395253
87267141
58942439
88675451
38979487
89157462
93586585
12263465
23397165
75158446
47412931
12435985
28466921
49311742
47935235
16643283
92638731
46823244
63613763
12443249
19295276
75876912
25322632
56358446
43362927
47494394
72565779
28472533
76865837
35477382
23768259
96621645
21258428
85336147
48491669
32115367
35988165
39567741
55758358
23973325
71338758
41517892
16587778
94536653
46523114
85451141
78845393
65328723
35433241
68368643
33453479
69845165
38659954
55941241
48649335
19857379
13471615
88689191
65455593
47789377
38532589
14594299
44496129
87757239
77389851
27949713
83943911
45484671
37695895
57842659
82128899
33766546
97655399
75281457
33821513
66621769
42282869
35528181
34946842
48225789
61576849
39817697
96834357
84838794
53811374
95268135
72882169
42926731
91991619
93371635
58448712
69136313
19124181
12725747
55132828
72122823
62291791
64989254
63581466
64559675
86484169
34625131
27899255
39734372
89797379
63181499
85975297
97739325
98368943
92193999
36675424
87459576
19998325
39559242
58699727
45918666
46526458
49218393
15972124
41495858
28752225
83545444
64162193
11236517
36347494
62784299
38548256
16961743
36587291
36645645
46726256
74262362
61732635
39653916
45576933
22635321
39455475
13831664
18866167
23765857
56917638
91876386
16966635
87936471
77841227
98461291
79535561
35186563
23612871
62643448
36152454
83947367
53768452
31542622
39624859
14466739
79351742
66571491
33249647
75332599
23219425
94197797
91984141
56249111
13186933
31177937
82392614
19797898
88427448
54322567
47631461
32987745
57491555
78583137
58961461
56821943
67252796
32451495
37111515
17486513
29514276
48243863
57152179
78723522
46187541
33239834
33742216
85719811
41825195
12677829
96185143
52227229
98146764
62238125
42389692
51139128
69924531
72339373
29923818
62852717
49674858
86158567
45871734
88893666
59167633
21876447
61467473
95221573
46882821
97551824
64735455
84666269
72661749
28296331
49393648
77248713
66861952
76127328
92725873
68623659
11511835
21684771
92348964
69384574
41228469
53669166
96874289
22534147
15887359
58526866
34365234
15445795
15157449
28964526
82911251
78394952
43696786
55269135
22612886
41577762
19846478
98566726
65653486
34298786
56118797
44378232
68781553
64931885
26492365
47298313
85188312
68456177
61751174
57149947
44695498
21351835
87975781
49218579
61913892
89777724
48163864
77439936
79697393
36971814
58775499
81389525
47488181
68564476
25246142
16988139
64745328
14337987
29157476
74453428
56979847
26993665
34718463
87818761
45831292
59173495
87348864
32419723
97396221
89514349
76153695
61438537
95756635
57367654
35959875
61543792
24679694
21886336
69855671
42576487
53248257
23654699
57291695
52913777
76847416
44959842
33126841
93119575
26867611
17675795
87645933
21396725
39895683
32158714
44874173
87924167
93438232
31497439
88496125
72682159
37986297
34675641
57985239
19897189
55727587
62287699
18847115
76527112
66118854
96979848
52991955
67717591
11886396
77145227
41748262
63218826
69331267
64825186
83962477
66845718
63142488
77715363
64777233
61587361
35528174
72425938
19378584
31293883
31281928
15933983
62854487
48646246
25434413
87385291
35568212
97336668
19133839
35576286
61142138
53828497
27923215
44315842
84385669
63856527
28727778
87843131
45868345
32785644
41685164
73591774
94884916
17233574
33261597
52456875
25154182
71575916
99293847
97333775
28738424
44163222
81118485
88725544
18482593
91992827
99872619
27869979
81673512
59247124
77983982
64544239
98622644
33681727
41649254
59768757
42855988
94498559
41119344
28176349
43279759
28871352
15398627
39582654
66163352
81762282
41924176
72285692
99739227
98217912
99317774
86923932
89268217
92878667
56694139
62188385
27198156
13188641
29759955
83276727
49519967
96659938
89458694
88845799
62741317
66233411
32587394
18563239
37119173
58379369
58791739
38357321
92181685
41923515
48523583
11783782
86782514
31543364
81416214
38235951
42755785
51884592
33165115
62789993
26541286
25257857
25445262
13793692
95316845
13851339
74393883
96199989
21778817
18211415
51477184
68357829
86444414
21392147
16256982
58436492
91423252
25245584
17645359
17258847
97827238
42975783
34776965
66942391
85954118
21365197
46285639
99119797
16946196
82912864
27951229
89877735
12879615
59656287
67976164
82138379
33498252
11669425
88229655
73744414
62333743
59741676
46719257
22855889
92996129
96172536
29618259
33568135
92442438
71596537
46527118
13274423
34445692
74818179
72829878
96517419
55198995
17566951
93969746
18681455
86373294
63722128
32596636
38231758
17336343
39449419
33788921
62368826
35695827
73866838
19499473
58814946
29367432
52789878
78542264
72212573
59792926
16484849
58347765
87373915
77464595
21137422
93349865
69366111
74687536
61832821
84351896
52222926
36571534
69455543
76572415
69458328
84678612
33775172
42654679
51234322
65831744
91848442
39566238
35947852
32418525
61822224
94135115
57815227
33887731
51361489
56996932
78299379
33799913
81882656
24381575
28518981
95985783
77881121
45827578
19788567
93321225
69269361
72354734
67922589
88167183
79951357
35962185
75671266
84954789
75475827
22239764
29122659
84292986
22178249
13999542
52146614
79389921
12584952
95999182
28372189
19578556
61577996
26396185
79389157
98453726
74441193
63293947
84665812
63589656
76974699
88696964
49768852
87873139
69593469
19666279
95351668
32542515
23247735
48118775
28994374
39542493
68514557
25793522
38248671
41552267
98633114
45149939
72368869
88477747
57768579
18377573
79835223
13771223
67842612
23766481
16166284
24823138
71164165
23276756
25274815
28546721
52791322
31688129
32467488
93967843
88988871
93651623
75646295
38894192
86775472
42647544
97557479
94634632
27649253
38593619
25286775
13546736
39928321
86791782
98955475
42617669
33813912
45142658
42385718
96663933
31437241
72466659
75623682
14514734
56626813
74831315
86789377
42776888
23971997
26896842
48911685
73918681
86565334
88346767
53849464
43538116
65297333
16771143
39491945
36516351
76938257
59457568
39719139
47919215
89548912
72425995
77565839
59932759
49196911
15332278
61228411
47352525
42211319
51963758
76738732
24438553
67157842
93797952
43427719
14968362
94663759
82839353
58233291
56518197
56151548
52944447
95734616
25686538
84376638
52285333
79383343
67193378
47513887
78331436
35467683
38938623
34139877
48732984
49783396
88673575
97663117
87974595
26457185
84919646
37967114
79892741
25385112
31296339
92352387
94482783
12839849
86636696
82172621
95881481
36333798
16162997
19323491
95899572
19214294
57847795
52575254
72166756
57586418
88255187
93354761
87442786
43574352
14535312
33667156
76763334
55167565
71521313
37617842
51554796
99143689
44826649
39778161
82526466
26929683
74419591
24574973
81224773
15298795
11585367
48287785
79787227
41598446
57277721
64611447
48387239
35889142
54821194
26327661
48681771
26816991
38928637
25891272
72878559
83841723
38285554
91382879
95458926
97873985
69414642
75781257
57234181
86814639
54771865
11312676
36667363
64197361
51559199
19193545
99862368
46526921
96384262
94828257
91183647
97666745
17226715
18568925
92316573
23877395
78433483
93779826
73637168
32372298
83216924
98164191
36274757
65284242
25362498
97437437
74218455
87136427
94385974
78622776
18773998
49891157
45695319
17112562
41641594
28238499
65615774
26431722
68361373
86567234
79494933
54559455
97819317
93164291
82821143
36727967
72544591
77518496
37715837
28897242
38671555
29312964
62397369
13664975
53955477
49559863
78952629
67574128
18363736
67833441
13596682
12742622
52578712
26359657
87633321
48235129
27472264
78644121
77377251
16136395
73284598
45253339
83455843
22572428
41554437
92923191
33359451
69651742
68692648
61181762
76461954
61875981
73776132
91797385
93879185
14944628
89327626
68429268
22313841
23438694
32475522
15394654
75273583
89543485
42184274
67273418
71595121
15538162
26857561
35537482
42862879
39389618
96141441
76249951
11718491
19993752
35518625
33622831
97878768
55572992
24271311
36933939
61645929
44533242
56936939
33952226
98925999
34965457
74813174
16815144
63412373
47868333
51359187
65523838
94686219
66549662
46616581
91927976
41499575
19673987
63727324
28388742
55159571
34553226
47887798
62646758
33396878
93394365
74348214
14542722
13168847
84626263
36595515
86673781
77455523
96237548
18753778
11447223
66781787
39172432
99495875
81641866
21395177
15326525
33472897
76172413
33274632
15169289
52641415
99281983
17124332
51623425
65648685
37144844
64574566
62866982
44317851
56282515
73288852
93739323
64132414
72185142
33981478
42134349
44147174
15135426
61253916
18758123
42491138
43864928
72398348
11191192
93171234
21149927
14484552
53131731
93782122
19589637
96412624
63577775
72399488
23688855
26512636
67322768
68569341
59815254
77572735
23637283
94894297
86717152
77864823
87559368
44584359
89139345
91116935
75765327
57389755
43725862
84952978
42275349
76541982
33352657
84994455
66216374
69748468
46253611
97712265
75336942
82443916
32955932
47358673
19468764
69886658
74221232
93778287
22398623
37183357
44625844
98279741
85848962
45767912
36182421
21827993
27714127
56116198
49664663
62442261
81112956
64692576
32267581
71462867
85574127
25638281
17671277
99185441
88816957
29891491
23593942
64815222
77946487
36518487
73671986
14755861
35267939
45829664
72171631
17333935
24182265
64459986
86383463
16545665
97318634
96793331
94697995
62687337
94759169
43656853
29968892
95177124
26624388
52389589
27383293
77726647
29869445
54136798
22654358
19745816
87271394
48615564
49872339
28366414
82963696
43467912
86687756
58119137
99323167
39187873
51127479
27885855
55675946
93441163
15488957
63521745
99159486
42952352
59718372
39126446
24886629
58261754
43493213
19453682
96959134
82778219
24823752
66662489
75264479
44493495
67482697
33226781
21432115
24556279
68585355
56693593
34342194
52683178
69612955
39442144
46747479
51558924
87384737
46856288
54297681
41599636
23431672
95736582
87143744
56331489
69243962
21285172
77382697
93994587
48245556
54272867
48352292
26858532
32554716
91318772
39559441
82466466
51866723
72358852
59441738
66519142
83729846
95863355
28713988
31621117
17693139
38532971
54171741
79267937
46666648
58146621
71687962
68745719
45578843
52487665
62118623
27474445
66353657
77333876
85448368
99522665
26749387
91797233
66646196
74587829
58148985
75426449
78246173
32999162
87474298
54115283
79439149
93961588
99331325
49488986
82659958
92394864
78678519
22618446
49837196
22669994
73146837
76751182
87457187
92381926
91956932
67646334
96645414
61147997
96946959
78131347
69911734
83832599
27356523
32322687
57645871
15391182
78433544
66553325
85813411
81161655
58873216
53156182
54267246
94918533
11949873
16746558
94243673
77152372
25311811
48371557
97221847
54345946
24422515
33917584
99697961
26266525
73787727
71823462
39876377
87129976
32376453
21254544
43113671
16195565
68329521
33548772
95991571
17839485
98481583
64621317
71465143
62553112
82987811
94276222
25543668
62282288
17673579
88638527
94217783
67966747
27459946
58633511
89156661
45692763
48527979
73197895
77714315
74461873
62411175
17375292
74387132
54632357
46536376
99139926
44483475
73795349
87939666
47634867
97321165
32484659
34997631
19147694
32619963
19823193
26289579
27264894
93573191
75383914
53955426
23231868
28526222
42961994
96841972
16215564
28579681
65645374
93691381
77822353
17183686
25147556
81362848
59772973
65162631
11465891
73488744
71867563
84871871
88624691
64648953
73946544
71178555
39463358
68956573
54517844
62856378
91323597
37282696
82557884
84846316
31555597
98415343
48515143
49472412
46761429
35755858
79699891
73775886
43327287
65211667
32497393
46964527
82633496
68472924
96166969
35571526
68679336
15324431
93569132
46621876
41133263
68273289
21311694
26322953
74395998
58579358
17623632
96113411
71799775
52933413
27221329
89783767
74458873
86318217
81683758
72476131
46325923
45126882
82789944
88848122
75194927
29677264
41239447
22893187
58687547
49282825
62565816
99399162
62714177
89675521
44489526
42619225
28457813
74998813
24816869
99999821
53322146
41618437
78544814
88176951
35946199
15968934
67594312
11658831
33481169
43591816
35346456
28896299
21529813
94299139
35488838
51712571
31326125
42412414
94359534
38331933
73344465
51642481
78661683
41527853
15628252
91324198
63269991
74359578
91959447
27635512
61559437
63937414
41912152
51484399
32296449
73226367
13623136
95435197
21474848
86836476
43542691
83133975
91916475
75738269
51344342
54463889
97958673
12564156
98938331
46645412
99454982
11649198
66846139
58171187
89998719
66155831
48319574
16114652
55149915
51996981
88853381
86919492
81387332
21979775
33956532
82276292
92763154
84158611
89325643
53884511
67485993
11894679
58272386
36551554
99158956
71516112
89699432
97679927
82248496
53613498
36599727
35494362
25319362
59252214
55249319
73793115
44314626
31142864
17877674
62192225
32567427
59245785
46289696
71372292
33776641
35379121
41817842
86877887
13448638
85385286
27663181
46792349
58412689
11739461
89719582
83815299
91986584
33626994
96268975
25567234
19362884
12372381
81659299
42311631
33558388
49352237
27288852
78182164
11881563
47538897
59315823
49159469
33535256
61846588
48896727
79943625
66615841
62226778
65593477
36839965
49387672
56124879
32835575
96565128
92558961
56984675
54576323
85913871
92558863
45969484
73225143
33261868
71156477
94368895
28447859
16594851
85349926
22998629
36194562
89827394
62539461
65721813
28952659
33994617
66959533
79455287
15928281
35862817
49922246
86117675
25496388
76262234
82591638
24999441
86838683
91919948
98595866
95366553
13368187
85583942
76192641
86738258
27475124
36955341
85918385
73754923
43983194
78821327
59519356
49956889
17648553
43223285
11694845
61928798
33985418
52853611
74889933
79355917
21562536
41954738
81479486
41889938
77269411
29546894
64847698
46433687
31392314
93551465
53816581
13116977
98611628
74158793
77331938
94953629
26939986
38283899
49348325
61165956
33632462
35154937
85157992
17537867
13994414
88727964
26866754
51498966
24347175
92541172
53681193
13262592
82531987
21121623
87165986
27943731
87466937
94777613
18956587
38855131
54521769
81556366
13967729
37258341
68275642
66438967
23391261
96656952
55671886
43612172
39812228
77334736
26392246
47635348
92684768
28934983
32153484
12664821
97913374
94731533
43764395
44852768
23745462
51255557
51393127
47254535
77718323
34556121
13733876
59862827
66746658
79137327
38857589
24642515
15768226
82662514
48684453
71673421
68457586
54247981
82694828
76599516
14887642
93362149
17644821
45719749
92547835
85884154
52789661
84851337
47194342
89729333
47113789
16488641
22955141
92974295
67564352
89853254
34854131
29758694
42152557
23252462
73583794
76651374
47659192
32425941
98823559
98391934
48637649
55993372
84418687
51657691
33396561
95825543
87453927
76149729
92666344
52515631
14541587
88875953
21653988
92627628
87989567
22242661
79397256
11575653
12897468
48234631
53822152
99744264
24486749
33278252
21342631
39469781
89646917
29488691
79285286
29216784
64611679
48792498
48461929
82928563
62365736
58642333
24994189
95289513
61687859
61361382
55886655
16171894
85132325
13813737
91355883
26115723
12694544
73587556
38974515
11335565
49284699
64716249
71685624
44698923
84817791
94155241
38854986
23572478
55691597
67219482
25634583
53145797
15717673
46239928
47269984
16654594
16271812
22428591
98498218
66192919
42647458
36928727
55414569
86674667
73844137
69824767
21733418
76683237
21961234
88315974
72673458
18611972
94783792
53292616
77388568
42621238
58483378
56542696
19483756
91779733
36169742
16622352
17834381
13617831
31625715
36457847
52992573
53122192
85339353
78526662
65877579
65153161
36336731
35291786
94246632
22449952
55221293
62976516
89756147
28887171
47948845
72946775
74734173
85844627
31816234
12579226
58676373
56462532
31281391
44515668
29362985
52144236
95295988
33967326
34223746
83794133
35174854
82953193
21256682
85295427
82497746
61869581
48392117
62614562
77924158
12476189
61879745
87322626
48858136
25465258
92586614
14429361
12662822
35754934
85948168
27889297
35121232
59487595
99967528
29481331
53342356
38373221
81653712
55735941
94426656
47359557
38143157
51119289
59815378
17379523
32461615
61349814
78321781
41544746
85981125
82888895
62546331
17244381
77655594
55933876
19162341
93423927
55391915
39758298
29219416
43572644
94492424
46827576
46517572
52856283
42254387
84639171
62244659
51289913
99739577
93863566
45778944
95995192
77479126
19212663
12891218
59777485
12219169
86992319
48859832
67811659
54743111
69753754
53839843
31326619
77197292
17614857
91987189
11154842
34883892
33942411
37696466
27843936
21446358
35146826
67328958
42261429
23485646
84733966
49536989
87391562
79714249
31959684
53411278
69562257
81792192
18782326
63442127
15194362
31921849
48561494
64752729
29952543
63248511
15498312
48643532
49443746
85948848
17598682
25347652
38353611
18584654
29393284
42715995
79185884
41975226
22341162
93121975
95321935
93924873
19588117
18917464
88485615
81618236
87365126
88432759
48584631
67826184
61888746
56843316
85511514
26454279
95679912
58569527
76762591
11652128
37325337
97369536
88991712
74474354
16536795
21883221
72178865
99213541
18163792
77976183
28874433
22126494
99824519
29667467
94416437
41874793
47272961
63444884
99454595
55279873
59848235
44662472
31643666
86384919
66138159
51562272
12615963
56194969
56237432
45537355
28567963
57986568
85939921
47487638
46485989
47679248
43132325
75441422
93949822
55854217
21831987
49823931
99477381
74516367
14823664
35332339
25697473
72114664
92395717
93985177
53494199
91714122
23169216
28478223
23961937
77718697
81259218
75354455
45842888
65629665
67137814
12945277
63872735
99685248
72847658
72914477
55569789
42583867
74831415
57569244
56743535
68364749
89263926
46238341
81493548
16323412
39748693
38382789
52884244
66687671
63428128
85699494
45277493
75858452
46496384
74246887
37478396
56127331
64927532
92439291
61732586
18778854
94347566
59648542
39444982
73638168
28282526
27779991
81421935
18886267
88471513
15974672
79156376
83545191
63575573
96121535
44914641
98227193
14746265
66462713
89193599
12879781
13465791
43637433
12334214
18216984
22848749
77938158
27957987
77734554
43717974
45635916
69818684
23458889
16775596
93842776
65638469
77536196
67289138
31937482
64446723
44394248
83473633
59523336
54818913
13922178
32335669
31942996
47494424
49457118
94157649
53361394
73326337
96965144
43818171
11611525
53415752
15753994
25473884
82265429
65889391
54371912
52771586
41382287
46548224
52162954
12884558
55664217
73864776
95984523
47162544
77719764
94919456
94418331
94696734
21487935
29384743
27377476
73337669
68715934
94231339
93546281
31496789
56113122
44236294
54784596
41397291
57875977
18778483
83896539
55814586
96235896
44127623
88243436
79412279
78294837
93768695
48853989
62771247
73411769
71466318
16315171
93694962
37914582
52592372
89127526
75595815
57593385
43455151
73247293
62289933
68968723
75594771
99378272
48117133
62956851
17945734
45824535
11672685
65921211
99344357
72614765
59945591
76178867
78891145
28345687
55281167
44322867
42623962
76593177
66344987
31756327
35832229
85615158
68275857
62912872
36455623
15136629
21768913
81398999
33286386
59713882
63532559
37696587
69529164
73378184
33428881
52797561
28286734
93173993
93272964
11156455
97462492
69666386
67156464
55988438
86489393
93864497
19262516
97488447
87557286
26931891
68574311
92875221
64633473
76553568
38341359
21441456
78782416
93227578
39239498
53356582
35928776
98551313
99374256
35169852
22396856
68871677
51469729
29496887
12669993
75758392
12796775
61426364
23889584
86666376
43399953
76328857
83576484
72935568
78646861
48217775
73136841
82336811
44472986
69614359
33969467
58984786
22318162
89291583
76747312
27735584
42499825
51335841
41413592
26548152
99995829
84123426
45567487
11881481
35753828
12935166
41113851
64667447
61987177
16735398
29625921
37479825
61431891
26267128
76923895
51928173
18584375
88936883
47263886
85755273
92934661
25353275
68896752
29652351
34247548
77396722
31865184
14625297
58833389
79734827
68388818
14755798
57867454
32458422
22898868
21157731
21692815
83946857
71456936
81157139
86695621
81426884
93859987
98178144
79493599
43198735
99868647
52412556
48551444
42438475
33289362
27233474
92814927
25777337
52642933
65366916
98436577
85455499
53242466
67214963
67322167
39972946
25827271
88136432
16316876
57364613
98447146
75638627
22757212
63697434
96765892
35299341
48419496
55326335
79927818
22514887
62536481
79932268
85933912
83221864
91753337
29948394
77784773
19487834
67789759
73133971
44688316
92549564
93269534
53771254
58219976
29882428
62434776
72173695
28518957
63554537
45979616
71296146
87446811
84526889
38492457
46686823
35664762
89447937
74697868
59485515
15229537
44184158
48587849
66581448
85977122
29937321
14653728
37648796
27195986
87959838
26143196
54731661
36753521
28394555
13733487
75969569
83515484
91333571
82416961
33696982
21344883
98594112
92958348
69799418
41369186
62599588
68438712
48112293
29887743
67359134
64638643
45336965
84238362
96694738
18192494
62699935
24876296
75382561
14926832
79266427
57318243
46168546
83628845
53994868
56617832
23585844
87564688
87793277
72539741
86834142
79583172
62881446
58826992
56466851
59979465
35228571
13262176
69297482
15896338
74756436
64172516
49513193
56118175
24776912
11726577
31631544
84262883
13769759
69925467
42935363
47934554
82777253
24247789
95946569
93318524
58898327
43197684
17769246
24578681
37989152
13168898
35594655
99154866
55434622
82747597
92637156
83229552
76482517
45819776
91649917
29684818
42735778
93779236
37126865
79487468
33877345
51242484
18346891
71822294
37299324
33627445
96753659
41252862
65937159
41282511
87311714
59647361
75255628
41433512
23237962
63523899
31264225
26731742
73441854
88516597
39351499
95272399
41126454
28451293
82784551
95885558
36779318
83382189
24538927
47572152
43833711
91611491
74151293
83971274
25649428
27639316
41951658
84485197
55856818
35827862
63466835
96124886
35873953
23588872
18644863
27533183
37954485
41198826
47783484
81419232
83794348
15561692
36739667
47739155
39549699
85581282
75478843
59529779
62137126
54235721
34719834
76443117
92949972
19444446
78546552
18328265
33999611
34475539
37361851
66937377
66653635
76231391
73778264
73426989
54257585
87577455
42922348
67896669
85257994
72146569
56266329
99844212
72622656
73918481
77439536
38761775
93686242
41294971
41436496
26222641
88637941
73891594
41574434
72587763
59326494
75358962
81892837
96343745
67431145
44921416
26624881
28225549
27936379
45846817
24639232
12336726
21851344
52617468
52144152
96461699
45537641
89831295
27938245
55858733
27573878
63945874
54615768
24312531
95731284
57675311
66881462
69252252
43252966
72194877
26627241
85587178
18325769
84913674
91651958
21468156
67592181
35852388
42341893
64642198
64773375
83976559
76154959
12132987
13533951
32765152
65492963
16323871
19238628
88416622
85882282
51278686
59613778
41895791
17829622
41926551
22846519
48786686
15578693
66228799
68123196
74217845
18385918
33119795
37448173
49315665
46363455
63537451
16467181
78924366
87211654
69441848
45383891
76918666
36419646
35733884
31359934
53236868
27613763
21328151
95462496
61626977
43647268
18987396
51274818
65932576
53733483
98168721
71598475
84578212
58459278
75533427
56419155
37389392
11691167
51852916
54733975
79143151
18886468
22431475
52571395
21821118
86727116
24695329
47539471
44124881
43213262
32153234
87678263
54262963
98399611
78598746
47236531
64772198
89865669
51738869
55227293
44735411
38653255
19767159
45816647
91923835
46866116
95264457
84739896
77695828
29379338
82296562
61459286
84319282
21682759
86828244
27686524
64446135
88195564
92373623
27179394
61791949
75637344
46251172
57637362
41129384
55697748
23321715
56529131
82272126
55593674
88385327
66755753
85895937
28624151
65827764
43661968
44681833
46466763
22279713
84683246
47246447
98343844
85179877
33352795
41975352
87514832
11689339
56263194
26248435
88394583
64136391
81582431
92255471
21143868
36886773
89171157
96947759
53171663
92939455
34234494
98563737
91586813
97481813
22365272
82617666
71418325
75283283
22641368
29785332
14366412
62982713
66676938
89449639
83324439
32827643
18767124
76779747
17948248
29163283
94754681
23599767
43293354
95925534
87693483
63249511
82782321
58191127
77672495
51824912
87719685
46224381
15626541
43172167
73758499
98142722
27151444
44154631
67341918
81995886
48949374
45678654
48527575
36283926
58958462
82868279
79142672
26946971
56349857
82161557
43858578
94951734
34712957
16318553
84546925
29796136
27617287
51634839
26383312
98256287
95764516
44673762
36936155
64925882
15528472
73879299
76344569
86812639
95178784
74175769
26151736
11795784
26183629
99427818
22136366
23567197
67563639
35193874
96438189
11581234
87981173
55174583
13471261
19688835
39319824
32866775
71279579
22819833
75151264
35779494
21823385
44342347
54266576
94166977
75688312
61363637
82346974
46995541
98871896
82216454
38597238
79514784
54859517
71514945
58417463
32158863
22717554
57474527
35776396
29175494
64239442
85817777
92454224
89142155
27588817
16754221
35646775
48656195
54429287
53264376
63997528
37266118
32991556
76287641
62736996
41298961
23828353
65211387
26755618
49637918
28778113
59132992
35678733
46315365
92252276
16815627
87262264
86419856
97116647
22545683
19731366
97765222
69235594
54597317
97987344
88931856
84617532
67811889
55518944
74659897
35678882
34331115
33382727
18994654
28176686
18918739
96793941
53769218
91535195
96351349
82688981
16675655
57597424
74976153
91178778
34557792
43114232
32692129
29676256
37294897
17557749
69661559
58619879
56784635
15773178
71276641
57825327
88332552
82919466
48272356
14834911
51164572
44917349
13616264
32648443
52684297
56518977
23752182
33614726
97438184
43239899
86286198
13728887
59748352
64432397
82539589
55831696
65747951
39429186
24816471
96492137
37816286
89771412
78311989
59651791
48887745
69943169
66763536
57134935
59326749
64464739
19434686
36844998
89824287
52366546
47761322
98535283
26256938
93558699
14516525
37556277
56115174
39785485
71535565
98759215
71338948
88712358
38961389
16287213
91571666
53743915
77879747
16355375
49226578
52972916
48233583
81842383
37463847
11328372
18342849
89373895
63862239
93175576
29737893
83188714
18797886
16261899
74222227
22599327
88456297
51138933
34223392
32995143
67616551
33182382
59379292
28846269
69724994
21231925
85364973
56685352
93122154
87466423
82898331
68898118
31938244
85138934
18288485
94464225
91762878
37196134
84965785
89131271
92689149
82822947
33468916
98897374
41912487
54673924
13983742
33875417
49531396
74173213
57172364
52175827
67969794
19212924
79882214
31967133
79656684
37547454
33934965
15154371
21566299
84155468
66885233
73513984
12743738
82245798
17448463
42161988
85382361
27243133
54618142
92878466
88488161
57475489
84942151
31812478
98676252
69611498
66977369
34935412
36885271
12813576
16478769
14237247
59471858
93937467
79346634
92451793
53952428
68812578
27264293
14518513
79661756
33647299
89598239
35729827
55169592
84333128
94856828
39735777
27393118
42162148
49377541
28345715
42442223
11828979
91743842
64521343
45634655
41428215
25823139
47839232
46479723
54235374
74584575
25584777
49216248
53293631
95639388
51468239
82923197
41667644
87579132
15786952
95323294
33877985
73143364
73911529
74174794
17874698
99391815
81483559
74481328
99525592
22927976
71293567
81563451
37969852
84152588
58861416
24237418
29285673
88693276
73275916
33684643
35288884
64374831
12631692
63789112
32718632
95811129
25218895
26386176
35488695
96696566
96474393
89821671
81847586
12356785
32164979
73876352
31575414
32898641
52482856
21373795
54195818
98552656
87275434
45269894
99135985
73978336
93326561
77643352
96455299
46618765
97752137
57179689
93422184
43419736
47847212
81874743
75263197
31598752
53522549
49574888
49547217
35611895
93417718
55481272
89661613
97173822
15351343
57156572
41754651
34752679
97499792
29655176
12137439
71366755
48214123
15834582
67441715
51815146
65696514
88491214
63547482
44994331
89722739
36635572
52525217
57471676
34552724
36551945
17448481
12585228
46151961
58657976
61724513
45887141
42352656
31998654
79484485
87455538
73167699
48823247
17531278
88234288
59493386
96625966
48649395
28731413
14234783
12261792
45535386
13886816
99646547
46151964
29569319
38675412
47579723
12718237
87457449
97422543
28913933
88277423
83734894
64578879
56973912
72643768
13142775
11286851
22632448
39356614
98885336
12277756
61872964
86632668
42495433
52996563
32952387
83988441
58779915
17259571
76569135
31394576
34221948
64348943
46616757
76481141
43922298
53919343
87324861
27827128
38759714
79369695
12457138
52719662
54441267
88372992
94662736
89656341
68247716
51141869
29336582
53415888
49215947
93271549
27269772
92227791
51899367
37432624
31795425
31678473
44246586
32627537
59792622
66949443
73418268
22966348
98814737
32925331
46126777
86336416
96614686
77617811
21955622
13466424
16422277
81766548
32387397
31264392
64385852
89552814
91951893
61912897
93358546
48856674
76873588
67653623
63547872
66492816
56252935
47961166
38716499
71779712
22638872
36634285
83345222
96681792
65452862
42562119
43184971
54968674
99687399
24515396
58267861
93459876
73435395
52574338
82439737
16275839
26946661
72782749
87963333
64981262
53319994
84399667
25145349
53532144
44213141
56741389
67389452
41431562
97296618
97978762
46729313
33317814
42495273
66921413
78278278
21696619
62681317
68659776
38187869
69696499
65746619
45412162
67923316
24555241
72317398
74862278
64986748
89331525
64314362
42551117
47514769
46321454
77287798
63473246
96613916
61864118
72637413
42764121
76193848
89399154
99661774
64795899
28634711
63933353
21695332
59875665
49757551
65285684
45395387
96442763
71824329
53798433
63985764
19615912
16347232
57918934
39354895
53392389
78341333
89369419
31476191
19839626
33933158
95588359
17465146
92886738
79889169
58541111
54494851
71636881
84854549
17125199
24659236
98737543
99732293
89217198
25314372
22486513
57466362
17278867
46659161
28671683
12752362
16764335
68158437
96519111
27511838
47489433
11665844
56246325
74573554
96288396
35971395
68798646
87119429
94554416
61271895
66431688
18692769
89221167
87483338
75851631
36723289
11811458
88419576
93199179
64165935
72453839
54748277
55423118
58275512
42647632
18369742
95326378
99542365
49824214
72768188
48999758
47251594
55366493
56715388
16591972
47649364
78929622
18338889
23629231
66558174
66561658
37116677
64733738
27395939
45322794
57283736
87815184
88318499
82177982
48745993
57377813
61224111
11557468
21247162
58814639
72281981
12553844
65734138
88625982
17917687
71996312
65395551
32258766
56522166
95558352
75127327
41397869
21118467
98151567
74646518
33719191
18272548
44146493
73628591
56845633
42936499
79224148
31983897
35971292
39361265
87625115
89416158
54343235
85986545
99447285
99559813
23652878
46678797
52123772
69467469
42247828
37613387
46871567
58199684
57726686
12634298
68361613
48342856
69695255
38668524
12798629
22141574
41362594
35817728
97551622
63347179
89382292
67345292
64467583
71638195
79382215
91622516
64246742
68228166
98481247
29623678
76934247
93851511
33612774
53376933
31442518
87389262
23137762
86643976
91985861
56947538
53938326
98727474
25953555
12667829
91954283
95447976
46848486
34979276
26137654
97764497
78139672
76967437
91955384
76717653
43338935
62835892
77429356
69435837
16785911
88237834
56348772
48386536
11249946
85832846
56811332
25977328
11271336
69677739
18182193
38798856
74477611
56713791
67877777
54721277
41215217
55752555
23979642
18181852
64285967
21915465
45219599
41726939
32858299
98939373
68151924
76335335
48797686
46836332
13622537
16938971
54927661
92355355
58454724
18568243
42317894
99843377
91935843
78758159
25761691
66286835
71798235
79757149
52367341
83649776
74353581
23593766
88938126
37824558
68291773
99916542
33523653
11533719
59666166
95467777
99693292
92439294
23753312
54528197
75414492
33422141
31632444
67647394
51272185
19619919
84298334
96548462
35846684
55442319
62622732
38399812
48674286
41761736
89694886
49345336
86398952
72578614
36265726
63925172
68125422
54829832
52779733
91428934
52495517
66664956
13177414
22598613
74926981
55672139
12555584
42115132
33169863
19798798
84236747
64713193
19876374
24492369
47192448
62869887
56416958
38548822
32853238
18494949
48797257
78956149
29449419
92742115
67219784
57915176
18792569
71362185
79644286
65515245
81276661
66476914
66515341
78838256
25351736
36295212
55998373
95556815
31137381
77798581
95958485
81928771
77337212
67252958
53416933
99486881
32311126
51848231
24153159
99755438
34834769
63342343
62562168
71324396
65613178
39921344
26116483
21541277
74572232
82382433
91362161
88481937
17428635
55366365
16196582
39738178
78942984
28979337
81545336
21611287
96895637
51423482
33355617
67566315
69223585
59654564
59815958
47297924
64596148
91313747
63589743
45222158
49777156
86513866
81278592
78187561
23682157
47665294
21175892
49813494
55143315
96147857
84449133
88213825
12812851
54322569
81171288
97695643
72371875
97413871
88667236
68684719
93698127
83511386
84353588
12659428
55533481
43833761
88321272
32495359
79191683
66391879
71879369
49972446
22625222
74863357
11293895
56979131
36177963
44847187
19515231
79741731
43789281
56296954
99341325
38834137
17388282
51199316
23896928
61898149
76745351
33916965
12342427
49617972
32584765
13542889
11323264
82458171
99647265
41646416
34553862
71458848
87937551
31282332
45462158
19267323
91563755
76296287
43453641
53635854
68895321
61719574
71697779
92949363
14934939
97973789
54792478
36398638
92918976
77392164
21213895
42535782
65255882
31828469
57175926
84831545
93721532
58313875
37954829
37939159
32126238
95894624
11939122
52259723
69431418
87591741
73341335
45739833
84567424
87382468
49142373
52321656
77931266
66471134
73684188
21194552
93484747
36214431
56686445
24546956
96431571
18241425
77138471
62429658
98992492
38419556
33816489
39293689
35828638
46822172
34977669
55969559
72137328
79961571
84739293
66831325
22883957
62346752
19411435
91781933
81887154
37762983
92173323
17184389
27885395
87296793
89129927
42672273
63225161
57194721
52942195
95116543
73291716
31545629
68258195
57682986
97695635
45682865
67937679
41537296
85411632
29915551
94169651
68449377
51657866
73696815
28982498
93983647
59295551
58916745
43354934
29224386
97552735
59387631
63311629
31244993
74561513
52197172
29923116
12949956
17223125
21461179
76814745
61859118
81781839
84574141
43889235
38199855
82361356
68398579
74743785
66333771
97579935
54238813
97635258
67183589
21611653
94452479
81233688
26641239
36912239
54457946
93698577
11193183
66165151
56323453
62924772
77176792
37578953
47248762
66291815
39386988
73331834
32728212
52139973
87127692
92497411
55924936
24881618
19975662
59111116
49778947
12615466
33166772
46256987
85542823
77111742
92568251
74321166
31946842
33929316
25914289
31831481
56482695
86458488
86695488
46828593
13826642
27481166
62415266
65549447
49685197
52542177
91541974
29583654
51218954
19527264
31717248
18614146
96655165
71423953
79358638
29837184
63783318
24721127
94287346
91841686
83293254
39339497
59399658
43247773
98917429
45216972
69154637
62219846
53625896
11667473
36749923
23488521
58194954
79953573
83779698
81645838
43779186
95899497
64259925
97733916
95183829
41812667
97994124
68465214
41977268
93688235
72211424
95954768
66535882
84966291
11182392
57674259
57993712
97536437
53363356
91311585
97323132
88422464
49879316
21695422
94323418
22915638
38328177
11633642
75198177
95548791
31221689
63988475
87345912
25391393
18482178
37418954
45775584
72472182
79789342
96955388
73597442
35943539
49642938
53375862
81232354
72776959
71387471
67786372
28538973
82149536
34497871
65897516
23999417
31123453
57295791
25769638
89681651
44145569
25852533
91966934
68962345
64819298
65389616
47294419
98311736
18479366
56229273
76918887
61667696
53323655
36628133
62349195
93868593
53358798
43193327
22121749
91383386
38186877
85625586
66542731
54676336
82449187
52676241
86493577
82322379
41239982
24956152
67872327
22835318
39928747
81141334
91182153
21643434
32588646
64846884
96216516
34967297
12666712
18646473
77142274
54714474
61127115
64995413
11499825
26351974
15355318
59791592
63858771
47347975
49969924
67272167
22199573
31677199
96386519
22412761
94188518
34314271
89822681
73277776
15268931
35145541
51946752
74831388
88447448
73927499
26453668
94195651
46491757
94675346
85281549
94648149
75652129
55497745
35339716
86745849
39438323
75222362
56531389
84119491
23393499
68152476
12812579
88159758
15516412
38721471
34848414
21886276
62634424
18519982
36389428
28777211
15346356
17487297
61654523
16877887
18971219
95746412
24557665
24369811
49752728
96267259
49283732
85581685
53749629
23363754
57252251
59655478
64939298
22327739
22424898
65318164
26495454
37495684
81526492
89147659
29841383
12337843
69431127
12156447
19211738
83132467
19728766
64127577
26523891
17392859
69126473
87239882
43148149
75661164
14548264
78644438
74954428
68346884
93853287
73196451
54465341
86552169
14414378
36787272
61713192
52442939
27137519
16577281
95934626
75962353
73548416
95445934
52467522
98798925
35688445
75625837
77342239
79867787
25578693
26464712
41339626
37975844
16263892
41567558
57241192
87835143
65664575
62116598
18288976
64684889
34447171
15141738
54441274
52989759
98267867
34112164
31532156
24289458
14279521
89171523
56346775
98189649
95499595
37312214
73728447
95398665
11273123
62353398
44926163
58214662
67866799
72493176
54583117
81626219
88523219
45743295
44362419
26877844
46568449
68389943
34627716
38184497
14165451
27996196
46791553
16847715
91143532
99139161
43945345
63819666
56179368
27285788
86216569
52956511
98588167
75521278
58812296
46872771
39827283
72273937
78561232
78885368
24964581
61569714
55156144
89942621
78711585
53129963
44584992
88582487
93516451
43122644
98215822
45966516
85448623
82485522
11268259
64396352
86562568
47672583
58619173
41273591
82586868
69574196
65435156
85429397
22581846
56364191
33162427
83853625
75171436
74214284
29913988
24339255
45256381
49178781
48147626
14873127
54284987
67252935
73827987
14435677
76615259
66475421
47214774
29563939
66786272
78792896
69696227
84113298
74735232
19895651
59818766
16417393
44385573
25371553
21497735
16666389
41584225
52956588
59514654
28968532
68179994
89724376
93436947
54148452
23689615
57767494
44691755
15678967
93678621
18651384
62248677
13479749
97471551
28522335
24919678
61367435
24928517
35826277
36539285
91874895
28583554
72511963
31323152
11657576
42444952
88987511
64984493
34798259
29256444
24296972
36758571
82941442
13546856
94564954
53837315
49652949
98445692
14521153
12474496
23831299
83337227
37835145
27961699
87286264
26468638
18937358
94277173
76925355
89163251
72344731
82733257
62814253
84615882
91635611
76377551
71282489
75721521
37153257
77523717
72393268
44748829
33452916
65562516
44573256
39718971
92411444
68854617
74293635
41327196
93694919
56483349
65789913
73441379
41677573
18811214
75262989
19189683
62146545
12524351
75492262
84179684
76521861
98912518
74583888
18672218
75771158
95817962
19925795
33344111
47548825
31577885
55411453
45566549
99155197
82238773
22323834
37969436
14252899
88265686
79675825
38292459
54261158
84411975
83338281
97721284
41948395
61567296
22693279
64854787
57837574
51729652
59858455
53987732
28393735
77772966
82975221
28695784
51388315
17927553
74995877
44481233
33186936
63515942
21947611
92774914
28257212
43273362
45512488
55482422
91673584
77171782
92985759
38629738
69384898
61645252
34171371
13397351
28634699
43364577
85277655
65228727
38862745
94119555
87953317
72836718
36341669
74769397
96998944
92637429
92275762
22684551
12979418
36878955
86331652
71713911
28719569
94772229
52158355
39439411
96881289
53642626
72834164
19491471
95616478
42357482
37367895
73254854
19241815
93944846
36974638
84391631
52351397
37243595
16922997
42627799
82584444
83717435
93419371
22278266
11333661
84937255
28528129
22673333
13536944
31472622
27195994
13133344
66625747
75372463
86135744
94637741
47965129
44455754
13469899
23968149
72599673
91556866
17915875
96174361
48135742
58416977
76793249
53483786
56673996
63621165
51472646
87414146
67475331
36917452
47643998
42659713
44964945
62515828
55952735
66953974
25832257
31776641
83399543
83711329
59962522
36781168
18881218
36616791
56461553
22899471
25695677
93558453
79682181
37921791
95949588
73454652
31952532
23117116
57142619
94237521
51344555
56524368
14129888
98963145
96939252
51481751
13198667
25345772
14473998
71477665
66449912
22376964
11247894
63137471
98376187
28256876
88954869
94948645
26275756
66922679
25251729
21174325
64118554
84319178
37132211
28731977
15787234
35493873
57458457
23919579
92772714
12417141
67528997
98781271
23537365
27686762
21378925
87488869
88961682
12868457
38217433
16963341
23498327
47311853
47188228
78271589
89949812
52939461
84865721
34728314
17895819
99362669
73417381
63234964
72321297
19293597
71553137
42771115
31512253
86212856
68178142
28818658
77888286
78484951
73732851
61127412
86977633
27854358
49137331
22383171
44799821
39461622
69411622
72799413
75953135
86883796
71676562
63136841
43542899
25543277
24478763
95353654
98614375
72793464
77844543
76593829
67997424
58253567
34846251
87815978
46717922
73678238
31973471
