55634656
26265826
99714399
62353148
57883354
64722959
62993678
79279332
91792915
45434827
18514261
17899116
95385138
67875153
67388986
44523359
78798972
46994227
83549293
32452926
58616139
62871858
87278892
92418663
22373356
41248494
18196883
99353775
87981432
54417155
93238945
96993449
22595787
82631887
19997144
74375746
87312281
14312879
85655169
28565811
31959551
65874449
81218717
53188862
95669165
35968234
24278924
22218527
15393735
92953262
47627738
72657727
22446475
66765368
12877134
39894744
65539253
53883243
22781893
77984399
75964587
55574815
15113917
69479354
54196661
81838656
16423467
17491625
12245752
53428656
99531992
61865993
81626138
34989537
25924611
49486113
27255438
53425486
95731813
55185914
42683945
98749378
84969982
27154867
83512948
51941638
79358868
56383831
88877259
94317365
28985569
98694891
45785374
41221643
23165642
29135739
11751362
36332433
63796185
77622682
