55634656
26265826
99714399
62353148
57883354
64722959
62993678
79279332
91792915
45434827
18514261
17899116
95385138
67875153
67388986
44523359
78798972
46994227
83549293
32452926
58616139
62871858
87278892
92418663
22373356
41248494
18196883
99353775
87981432
54417155
93238945
96993449
22595787
82631887
19997144
74375746
87312281
14312879
85655169
28565811
31959551
65874449
81218717
53188862
95669165
35968234
24278924
22218527
15393735
92953262
47627738
72657727
22446475
66765368
12877134
39894744
65539253
53883243
22781893
77984399
75964587
55574815
15113917
69479354
54196661
81838656
16423467
17491625
12245752
53428656
99531992
61865993
81626138
34989537
25924611
49486113
27255438
53425486
95731813
55185914
42683945
98749378
84969982
27154867
83512948
51941638
79358868
56383831
88877259
94317365
28985569
98694891
45785374
41221643
23165642
29135739
11751362
36332433
63796185
77622682
44646368
66871274
24162788
44851672
91631986
37116835
93827771
15482818
84971731
22257416
48523392
73961737
82466478
36397161
71993718
78463432
54795278
77746131
99996872
49763756
11532989
46194393
17363756
62278516
53949713
12352952
45663128
32384358
32228357
25932436
98296258
18548922
11161539
79392551
14965435
97684774
67741847
74486864
33955284
64999413
98676741
18944374
67986591
87971897
64491899
46359193
56181988
46454127
44639323
74742464
94391865
49779622
95488385
64667297
39418952
62746655
26298922
37586356
26676279
12367598
81567661
11643893
46975475
57933611
66539118
84292226
78393747
51776859
27185864
38147992
71177232
39665264
84342654
45684398
39482692
34765171
49264475
63476366
17491213
55676457
15348875
11241511
24723737
18449718
24292849
64478458
53987935
65852933
13298485
59911286
28275421
81477697
69651275
26525457
94446552
38992866
72172593
85236795
83646868
45661228
29334352
54211239
28157641
89498359
25937229
64943934
82935134
75357537
99952247
52151286
35875289
41313573
45736198
98319869
45664545
36568189
53381261
96864455
69974324
85745539
55765162
64875319
99632657
12155329
66516899
97638427
37823361
46587461
98855744
58612753
33433845
26181669
34372414
95429629
73391423
73856558
85598418
84778875
17298423
69892181
53716882
93978427
82665568
44744546
61726346
61142119
24368841
11446512
35197251
95515374
79936336
24778762
94176375
59483127
82742893
24782198
57587112
94795941
82499118
47638321
94864864
33352557
66734517
25877977
13152482
78463646
28853992
27984435
74967572
11826275
96723634
29952376
46918617
48879596
86582791
59649393
76132193
87751616
25511223
85675399
81371979
54237186
31633538
96636522
52649314
42612265
31535613
24389472
44534346
59648168
82117916
33297928
14127479
12182757
63712863
16953813
11472949
14691164
33438857
42961161
87516896
95585826
94872125
22829497
14759587
72519468
74484515
48539418
65339195
24596153
28952975
69852815
13782731
87745354
12628374
13798748
88675672
15355765
82573983
23991376
12347736
95843578
62381982
27897356
45991259
43247812
73972862
54136488
85584967
97953969
23421914
11444291
44651991
48367637
86673611
44583464
89869561
46589736
28344156
27221756
41315626
16593752
45655816
32516971
77113961
58166377
81216378
42989486
16416121
89422287
91861322
21912752
48196975
82471339
11513592
39154545
14253998
83683873
61165177
77919448
75314982
22737533
32659496
89483769
36745444
31615715
87978936
84212572
13556678
73699555
24273238
65857468
68193759
82856315
52254249
49221596
37535121
91531573
76687952
66171911
46484583
32326921
37694181
48545539
86528229
34861773
33162645
58774942
37288358
51458161
24619852
62978171
78738213
35613982
32229546
41338916
57849742
27946766
65869994
72639662
25512791
48483748
39226131
18473984
24218119
63767929
64932212
82882791
81248932
91777643
71393288
35629335
32888198
84357665
76277738
28918951
11692357
67111635
94959238
99979259
18621884
36522769
96487465
33923393
15224954
47555224
53926549
84186914
32548872
51572684
97533928
11667699
53138631
67651487
23149997
95378141
13168344
79884435
43623589
79437637
83144471
43854997
23827792
63438474
45778289
24453113
38473388
49891345
78248719
25325346
18328992
66276322
81566567
76818166
86745542
85845753
57711357
62522157
53895211
46281794
26226572
62151595
57299171
49734665
95559943
14586412
93863664
33666285
53722851
97662578
75471713
15644598
54153332
96781265
77955863
32664337
53273262
72183417
21368661
59493647
65286711
68892763
76652237
24421766
97332338
89596831
58548589
82166415
13593651
59786981
61423118
28562389
34639212
87745528
34954715
53845735
18777766
33755937
39966988
37252219
75651983
25542714
47794674
18727714
94693292
74588312
77111538
19976795
15317222
44726523
39215493
36164982
21361254
63395215
22643365
84891691
59651964
26248297
15115431
81166968
81169688
19288136
31674889
66693988
98283963
68846179
13428224
55452932
75792428
99257927
96965871
18527615
18229478
19186333
82837417
26799727
33824695
38161368
33876937
39624787
84627469
24325977
25254426
16551398
75146427
82638377
66291241
78379266
54717663
82343728
43544628
35424956
19576182
91598479
71384256
68585745
78916796
82346131
83624168
88636771
67192739
86124192
36156433
36583166
56661846
24855545
15956958
59487942
37834275
33857216
47817382
21779281
66395936
21179834
61413922
79858554
85243474
27814149
85983819
56431859
46167778
24652121
38857639
14311572
17552914
36654837
61915915
43347155
59758769
32479646
41661414
42582734
49626287
42435567
31334448
36643756
42683456
66781353
38479732
48343517
46579913
57938438
96582573
47643416
75172274
66628917
33428849
68382429
61482895
36513573
78537623
43864739
74562594
84288713
55499323
57685682
91695513
83147942
27211143
67214793
73917113
19678867
55836962
65979616
99447577
21478142
59286771
94781537
36198777
88446859
57722322
68942984
69324799
43498662
32334227
78988792
63317998
11667277
37948194
98975989
98968636
78227988
68238145
63922511
47591755
36673557
37785129
31136817
35639869
22756296
66394286
26654794
93491963
23553498
79511349
61375214
55152753
77698565
21322785
51391115
32756373
71163684
42338283
91998942
82642356
45248182
21579379
16883199
93186547
76154673
79969439
72592388
59682939
32445862
73666833
76166648
39559722
65622918
14363379
65621712
75669754
98386356
77277644
17395112
34518745
64426851
34591918
62582593
62349493
73218621
94773867
91584319
23214111
12285165
43278527
44456228
33661771
66626249
33416369
79411363
63767453
71231593
62324881
59262767
71442858
64167883
99437243
83697975
18624819
38696295
13862987
92661388
85121823
65936855
83179648
51351149
32149243
44319838
83386741
56357429
53122554
65453412
64798193
79544516
52866192
51464577
84444168
18243377
43271866
77912667
79181478
36958619
92497734
52365829
52634316
67854823
74951385
41976169
92932868
55181986
38121662
53881358
45843527
79458219
98173495
55357819
19332278
81161239
73575229
63421311
21119787
68167433
67918273
29492291
27112857
45398693
18177898
71762461
86812373
71944842
74829784
55967365
84576312
17326613
79274989
36598945
37977785
51614611
32579442
76135258
85352894
83427297
25416523
29361827
32929765
77449421
83826927
64142114
21425962
61434339
38885931
34554363
19458873
88591663
44993295
52765495
31128546
36312636
99392234
29163716
78761891
43148296
12591742
54778635
27133117
12161721
65169264
51236256
96624664
54951944
22113637
62713249
59985598
77374625
59373526
48478741
63996673
37762686
52454528
23371676
94338951
52568121
23648527
72457824
12682864
18969168
49292167
27273183
33121558
34422813
59971529
93432352
34318598
61856682
57631719
74964576
67522497
27381896
33639614
89124767
51842693
19127759
91165113
98225587
55961871
77923412
31871878
66982546
91198783
27442444
32817381
65671729
79956775
41733145
22562268
69367464
33767291
36236575
59868425
15876499
46317297
51915439
41492343
53724616
21673545
34685656
76669982
94329179
21626768
89446791
35493322
42133722
85323678
69296976
41661564
64562677
97694377
29458129
85499713
15999468
29731499
11561668
19576676
86678957
79974662
68862422
15668496
73451627
48474769
44355355
71834889
19484457
26242715
24964498
37145634
67278547
13129268
34347227
69225438
82366647
82661323
64613589
47871139
96562638
68268392
73178669
32432722
35528594
11892588
78334716
84781873
12576286
16321276
79826653
12118726
84325953
58447892
85122649
52938874
29556879
42319995
41536621
89267817
53221814
73259273
92458534
24979745
83468414
49838337
56919148
21526664
69951782
54416488
85655737
66629236
82867472
78212777
11258392
85374519
46319994
52556926
94956662
96631713
33311145
96755993
16742251
78265986
28498737
49168986
54943237
14333862
79237418
31497159
23324384
62769364
35776556
36594865
16649583
43915357
72436688
32569197
63135668
83725282
11264926
14172747
75838485
63684294
98747676
95312767
94755391
63895524
38775332
74371647
91243228
27669789
33675773
19985152
14513475
13177869
99546244
13231448
86917635
64239798
44115423
52355441
93946289
39234888
38653787
68223399
38481951
94313265
72797363
26246219
72552168
48867585
46218629
23154242
39629291
88751574
89375464
65884374
93683581
13316834
73196539
91711449
59555233
45471427
69692688
54855337
27246478
